Params: n=31, t=3, alpha=5, M=128, R_F=12, R_P=19
Modulus = 2013265921
Optimized Round constants for GF(p):
[[1714438666, 1853339317, 140226035], [114391868, 757901499, 1045978387], [46533769, 1030997853, 1147687826], [1967503799, 346797284, 415008055], [542086081, 1082241892, 1555996571], [1019182018, 646606507, 1864643601], [745886968, 462370599, 300551894], [1901066246, 0, 0], [1285531042, 0, 0], [394742213, 0, 0], [1913878747, 0, 0], [919248398, 0, 0], [1472527033, 0, 0], [1850683568, 0, 0], [257457578, 0, 0], [1627103492, 0, 0], [1916542081, 0, 0], [1544214332, 0, 0], [1077863630, 0, 0], [1102322955, 0, 0], [192087744, 0, 0], [1195455856, 0, 0], [333958112, 0, 0], [616321334, 0, 0], [1096237036, 0, 0], [1726757283, 583048286, 1031879667], [65552291, 1263419975, 646487035], [107371546, 1186726151, 1721436320], [874040938, 49177077, 1098238337], [1428387191, 1389296860, 1612830803], [536150711, 536399036, 497253911]]

Pre_sparse MDS matrix::
[[1, 0, 0],[0, 1133308624, 1202845956],[0, 564966494, 8044614]]

M_0_0:
 1885007935

v collection: vector dimension: 1 x 2
 [[1470726227, 1324236375], [1526213080, 1498063425], [1902211027, 14213242], [1238561428, 437756474], [7552223, 745407491], [121071790, 1941382424], [793820483, 1468335584], [430131388, 1441590403], [1606582276, 1011924109], [832577942, 402345205], [1836914915, 681451534], [1930839609, 1322357538], [1211503295, 1602882172], [1219671457, 1417228193], [237045525, 827047973], [882394541, 1296288306], [249561864, 435554034], [1911066951, 905573461], [909766048, 164911739]]
 
 w_hat_collection:  vector dimension:2 x 1
[[1570880994, 352429680], [1430042178, 1293395346], [172895308, 1306275655], [1026618160, 196034850], [455092742, 1350568241], [1088098482, 817323360], [1744715962, 1295241079], [935393508, 860427408], [333854577, 1225331992], [550233528, 395447339], [38962161, 527061698], [1489404597, 502167728], [385261270, 453862107], [2003438852, 1627802853], [50187776, 1765214666], [320187815, 960538491], [591326677, 364978356], [195206932, 102757179], [1163216998, 923258503]]

