Params: n=31, t=3, alpha=5, M=128, R_F=12, R_P=19
Modulus = 2147483647
Optimized Round constants for GF(p):
[[1714438666, 1853339317, 140226035], [114391868, 757901499, 1045978387], [2140590748, 46533769, 1030997853], [1147687826, 1967503799, 346797284], [415008055, 542086081, 1082241892], [1555996571, 2141163681, 1019182018], [646606507, 276201649, 879522998], [1728960898, 0, 0], [665040902, 0, 0], [59395560, 0, 0], [156140643, 0, 0], [1305799687, 0, 0], [1161211142, 0, 0], [1645743495, 0, 0], [480873981, 0, 0], [173072087, 0, 0], [1138409048, 0, 0], [1207502874, 0, 0], [1324514369, 0, 0], [372653035, 0, 0], [645872573, 0, 0], [494163153, 0, 0], [555009059, 0, 0], [610433918, 0, 0], [777618847, 0, 0], [558220898, 1578805256, 889463053], [136889572, 673244509, 585312960], [1726757283, 583048286, 1031879667], [65552291, 1263419975, 646487035], [107371546, 1186726151, 1721436320], [874040938, 49177077, 1098238337]]

Pre_sparse MDS matrix::
[[1, 0, 0],[0, 1916133176, 1142509955],[0, 181405607, 999435729]]

M_0_0:
 743560185

v collection: vector dimension: 1 x 2
 [[379849831, 1059414742], [226233098, 693056980], [1339744620, 1465662798], [2050279105, 1851538710], [2000372635, 1904749892], [287908683, 725741952], [1759243390, 1426296617], [1365829268, 497260039], [1064395617, 1632961407], [1115904026, 1129014195], [1403981140, 1347696086], [183267649, 1454481615], [1650068212, 1953078834], [961778909, 1267827663], [1979129104, 568536279], [1733694465, 1583484131], [633389576, 401782115], [1101070538, 392671141], [257676617, 221325218]]
 
 w_hat_collection:  vector dimension:2 x 1
[[390910459, 1902879720], [1589677696, 609742945], [1571509465, 1236425329], [2100567976, 1018580610], [31029749, 682444607], [2145749344, 1301808106], [1893799284, 1586035433], [169628087, 1284961636], [920599071, 1294552687], [1960897806, 657371110], [1344020830, 156147568], [1541040707, 1982982322], [1698789005, 1742910880], [70649491, 1467433882], [654654788, 785592524], [818100410, 375021985], [625257043, 1538148815], [103182842, 313670547], [105686763, 1229222648]]

