Params: n=64, t=3, alpha=5, M=128, R_F=8, R_P=26
Modulus = 18446744069414584321
Optimized Round constants for GF(p):
[[15076267756536019744, 17595520550398824266, 3812942464691054958], [8772626765745649489, 4189433792379062863, 8750680054285149083], [9303275598915508797, 18052677012724780233, 2245816546569642168], [12645345886157160337, 13054688390651120821, 3707702445782806580], [7326886054718887440, 4350560537635816049, 512218450312802352], [4386100322549380046, 0, 0], [10945475002938191849, 0, 0], [14809229516083881743, 0, 0], [15027295811716927681, 0, 0], [5003720199217727851, 0, 0], [4527585364296038208, 0, 0], [13645871558524599428, 0, 0], [877973191922347572, 0, 0], [311650561974430773, 0, 0], [11423741904782457938, 0, 0], [1636863233226422473, 0, 0], [3801459036935930925, 0, 0], [3319925307637376368, 0, 0], [12437138106234822317, 0, 0], [4331587735195421255, 0, 0], [15169212678903222179, 0, 0], [530124559885491320, 0, 0], [10684196914319979398, 0, 0], [16801838217057857533, 0, 0], [7354414325993996080, 0, 0], [13092120193963270913, 0, 0], [11168465948558084646, 0, 0], [3586159241667753482, 0, 0], [13592556991621003671, 0, 0], [11150484560959598037, 0, 0], [4737479543567601139, 6134411358809377250, 16390797692966871732], [916125280293712875, 3480865163443936570, 9257650949511914170], [11493753303621505444, 9365940216928250938, 8906187194649133851], [16180187847534394262, 12231252226122009814, 16839305392307784572]]

Pre_sparse MDS matrix::
[[1, 0, 0],[0, 17038977644975775106, 3148768240549600323],[0, 7111940091259323853, 13686911423474709514]]

M_0_0:
 3782223949193161275

v collection: vector dimension: 1 x 2
 [[2442882218594441883, 7448234676446399592], [8457357858324763997, 10700455175661553006], [5842037028898671062, 17022369005621658731], [6009525834674129636, 1017889775418240767], [17700018525340685033, 14195049610610109262], [8768048977848400972, 11870737373908902082], [10919323571232152615, 10304730272097460244], [16536579473488479685, 674581036459063840], [1083699141399709685, 16083645437647344631], [4439967580035979291, 1789780100107456453], [5876289433974917296, 9598504352989835934], [6497063758088176389, 3475400131514922352], [5131476039503282433, 15245658329229392174], [5702981736419687641, 18307069876040883008], [18120324295246462547, 15667298156053923655], [17385340234912681399, 1116744407870610847], [2362953723651029702, 2737271786292302284], [11144117387503184861, 2647111629680090564], [994085702970621127, 4723296726532082403], [284393841212603120, 1541819191590719400], [17568765656759636006, 6448532202851497804], [10503727326628725500, 7777949611393444817], [14676925702347375536, 11780950850952712003], [15193488502962210865, 150468615297791930], [6527524533356907175, 3071397783525615900], [6004975240394877870, 12284888531749250498]]
 
 w_hat_collection:  vector dimension:2 x 1
[[10731768142457734649, 17824265913858468815], [15049757557902082636, 9404359945002789274], [2467774178048069266, 9268018300499299669], [16087037505173732335, 12294894965998864683], [12628105992699174504, 18399014411903197899], [149279616125915365, 12046689545160199941], [15930572536807416289, 14579388708771800090], [2841122294610790000, 3947593013978772888], [8000355000941347617, 3009822874710729653], [7609821545025453874, 16089603026944575578], [6073102616934494589, 6998923349915940277], [9258819641093959975, 5360999409643240070], [5879205774464874545, 14555651001811154611], [10492715211845260593, 3960584564360095957], [11056008717607012221, 7687337783763300740], [676562954472563914, 5688489676373955142], [7219978005897535386, 12298997238494958024], [17306922130397338647, 11691915957230092797], [7105147796738612224, 9579881202777829559], [8923647766646916246, 16233543380004533028], [4691363322872399527, 2108312170825104178], [11702450809794799268, 2420639379672579913], [8691949205692803668, 986260246183465201], [7565150622686182059, 12844306193783570766], [1280813814385693293, 10737211765662725039], [7750669311590249499, 7847955279723785577]]

