+++ R_F = 8, R_P = 22 +++
Begin Poseidon2


 Field Modulus: =  2147483647

 Full Rounds: R_F =  8

 Partial Rounds: R_P=  22

 Alpha =  5

 Full Matrix
[10 14  2  6  5  7  1  3  5  7  1  3  5  7  1  3  5  7  1  3  5  7  1  3]
[ 8 12  2  2  4  6  1  1  4  6  1  1  4  6  1  1  4  6  1  1  4  6  1  1]
[ 2  6 10 14  1  3  5  7  1  3  5  7  1  3  5  7  1  3  5  7  1  3  5  7]
[ 2  2  8 12  1  1  4  6  1  1  4  6  1  1  4  6  1  1  4  6  1  1  4  6]
[ 5  7  1  3 10 14  2  6  5  7  1  3  5  7  1  3  5  7  1  3  5  7  1  3]
[ 4  6  1  1  8 12  2  2  4  6  1  1  4  6  1  1  4  6  1  1  4  6  1  1]
[ 1  3  5  7  2  6 10 14  1  3  5  7  1  3  5  7  1  3  5  7  1  3  5  7]
[ 1  1  4  6  2  2  8 12  1  1  4  6  1  1  4  6  1  1  4  6  1  1  4  6]
[ 5  7  1  3  5  7  1  3 10 14  2  6  5  7  1  3  5  7  1  3  5  7  1  3]
[ 4  6  1  1  4  6  1  1  8 12  2  2  4  6  1  1  4  6  1  1  4  6  1  1]
[ 1  3  5  7  1  3  5  7  2  6 10 14  1  3  5  7  1  3  5  7  1  3  5  7]
[ 1  1  4  6  1  1  4  6  2  2  8 12  1  1  4  6  1  1  4  6  1  1  4  6]
[ 5  7  1  3  5  7  1  3  5  7  1  3 10 14  2  6  5  7  1  3  5  7  1  3]
[ 4  6  1  1  4  6  1  1  4  6  1  1  8 12  2  2  4  6  1  1  4  6  1  1]
[ 1  3  5  7  1  3  5  7  1  3  5  7  2  6 10 14  1  3  5  7  1  3  5  7]
[ 1  1  4  6  1  1  4  6  1  1  4  6  2  2  8 12  1  1  4  6  1  1  4  6]
[ 5  7  1  3  5  7  1  3  5  7  1  3  5  7  1  3 10 14  2  6  5  7  1  3]
[ 4  6  1  1  4  6  1  1  4  6  1  1  4  6  1  1  8 12  2  2  4  6  1  1]
[ 1  3  5  7  1  3  5  7  1  3  5  7  1  3  5  7  2  6 10 14  1  3  5  7]
[ 1  1  4  6  1  1  4  6  1  1  4  6  1  1  4  6  2  2  8 12  1  1  4  6]
[ 5  7  1  3  5  7  1  3  5  7  1  3  5  7  1  3  5  7  1  3 10 14  2  6]
[ 4  6  1  1  4  6  1  1  4  6  1  1  4  6  1  1  4  6  1  1  8 12  2  2]
[ 1  3  5  7  1  3  5  7  1  3  5  7  1  3  5  7  1  3  5  7  2  6 10 14]
[ 1  1  4  6  1  1  4  6  1  1  4  6  1  1  4  6  1  1  4  6  2  2  8 12]

 Partial Matrix
[ 215477483          1          1          1          1          1          1          1          1          1          1          1          1          1          1          1          1          1          1          1          1          1          1          1]
[         1  122291999          1          1          1          1          1          1          1          1          1          1          1          1          1          1          1          1          1          1          1          1          1          1]
[         1          1 1722461951          1          1          1          1          1          1          1          1          1          1          1          1          1          1          1          1          1          1          1          1          1]
[         1          1          1  473123686          1          1          1          1          1          1          1          1          1          1          1          1          1          1          1          1          1          1          1          1]
[         1          1          1          1 1292455089          1          1          1          1          1          1          1          1          1          1          1          1          1          1          1          1          1          1          1]
[         1          1          1          1          1  797276586          1          1          1          1          1          1          1          1          1          1          1          1          1          1          1          1          1          1]
[         1          1          1          1          1          1  654919450          1          1          1          1          1          1          1          1          1          1          1          1          1          1          1          1          1]
[         1          1          1          1          1          1          1 1895863246          1          1          1          1          1          1          1          1          1          1          1          1          1          1          1          1]
[         1          1          1          1          1          1          1          1 1406416301          1          1          1          1          1          1          1          1          1          1          1          1          1          1          1]
[         1          1          1          1          1          1          1          1          1 1929814288          1          1          1          1          1          1          1          1          1          1          1          1          1          1]
[         1          1          1          1          1          1          1          1          1          1 1465288966          1          1          1          1          1          1          1          1          1          1          1          1          1]
[         1          1          1          1          1          1          1          1          1          1          1 1231542496          1          1          1          1          1          1          1          1          1          1          1          1]
[         1          1          1          1          1          1          1          1          1          1          1          1 2138333823          1          1          1          1          1          1          1          1          1          1          1]
[         1          1          1          1          1          1          1          1          1          1          1          1          1  109188186          1          1          1          1          1          1          1          1          1          1]
[         1          1          1          1          1          1          1          1          1          1          1          1          1          1 1200452901          1          1          1          1          1          1          1          1          1]
[         1          1          1          1          1          1          1          1          1          1          1          1          1          1          1  514638377          1          1          1          1          1          1          1          1]
[         1          1          1          1          1          1          1          1          1          1          1          1          1          1          1          1 1696534849          1          1          1          1          1          1          1]
[         1          1          1          1          1          1          1          1          1          1          1          1          1          1          1          1          1 1123260400          1          1          1          1          1          1]
[         1          1          1          1          1          1          1          1          1          1          1          1          1          1          1          1          1          1  618961623          1          1          1          1          1]
[         1          1          1          1          1          1          1          1          1          1          1          1          1          1          1          1          1          1          1 1554208512          1          1          1          1]
[         1          1          1          1          1          1          1          1          1          1          1          1          1          1          1          1          1          1          1          1 1123221738          1          1          1]
[         1          1          1          1          1          1          1          1          1          1          1          1          1          1          1          1          1          1          1          1          1  802164869          1          1]
[         1          1          1          1          1          1          1          1          1          1          1          1          1          1          1          1          1          1          1          1          1          1  682124420          1]
[         1          1          1          1          1          1          1          1          1          1          1          1          1          1          1          1          1          1          1          1          1          1          1  272892597]

 First full rounds

Round constants:
First full round number:  0
[535476833, 1394754644, 1808710114, 1343879604, 1215456658, 723701928, 1632746489, 793201441, 783676215, 996433287, 155373296, 1696762962, 2030023439, 1294481352, 236432463, 89417350, 74188492, 189907894, 1452128099, 951268580, 1475718384, 433268241, 2010132299, 1820518840]
First full round number:  1
[1900593590, 134642805, 1188161737, 815217415, 543248187, 1547696209, 810562345, 1232267212, 47306940, 165003174, 158401728, 2074384948, 1242022652, 616689257, 682011457, 1569786016, 980963783, 500471289, 313827316, 2074957664, 1609393346, 1727383916, 2125446402, 968055099]
First full round number:  2
[1248148297, 1963531713, 1457817824, 386179925, 1952337907, 959377774, 836976607, 46304358, 918751290, 822399482, 1526975907, 1715593647, 930433878, 963599097, 437929498, 1754146546, 1870829444, 465116521, 1534623766, 1883940293, 25265820, 1092689494, 216531872, 599782304]
First full round number:  3
[402354276, 1194422816, 1989233491, 563878149, 375739688, 1307792708, 1619035237, 860944435, 62705095, 176625674, 24812021, 1855215398, 356799748, 2013606833, 999407416, 1070038705, 1263375886, 1020869934, 245688694, 491980492, 981123716, 247605556, 1301780243, 1369709669]

 Middle partial rounds

Round constants:
Middle partial round number:  0
[578251281, 0, 0, 0, 0, 0, 0, 0, 0, 0, 0, 0, 0, 0, 0, 0, 0, 0, 0, 0, 0, 0, 0, 0]
Middle partial round number:  1
[1604534888, 0, 0, 0, 0, 0, 0, 0, 0, 0, 0, 0, 0, 0, 0, 0, 0, 0, 0, 0, 0, 0, 0, 0]
Middle partial round number:  2
[336941709, 0, 0, 0, 0, 0, 0, 0, 0, 0, 0, 0, 0, 0, 0, 0, 0, 0, 0, 0, 0, 0, 0, 0]
Middle partial round number:  3
[1447017748, 0, 0, 0, 0, 0, 0, 0, 0, 0, 0, 0, 0, 0, 0, 0, 0, 0, 0, 0, 0, 0, 0, 0]
Middle partial round number:  4
[888427076, 0, 0, 0, 0, 0, 0, 0, 0, 0, 0, 0, 0, 0, 0, 0, 0, 0, 0, 0, 0, 0, 0, 0]
Middle partial round number:  5
[302948790, 0, 0, 0, 0, 0, 0, 0, 0, 0, 0, 0, 0, 0, 0, 0, 0, 0, 0, 0, 0, 0, 0, 0]
Middle partial round number:  6
[638806181, 0, 0, 0, 0, 0, 0, 0, 0, 0, 0, 0, 0, 0, 0, 0, 0, 0, 0, 0, 0, 0, 0, 0]
Middle partial round number:  7
[661020353, 0, 0, 0, 0, 0, 0, 0, 0, 0, 0, 0, 0, 0, 0, 0, 0, 0, 0, 0, 0, 0, 0, 0]
Middle partial round number:  8
[918431749, 0, 0, 0, 0, 0, 0, 0, 0, 0, 0, 0, 0, 0, 0, 0, 0, 0, 0, 0, 0, 0, 0, 0]
Middle partial round number:  9
[878462852, 0, 0, 0, 0, 0, 0, 0, 0, 0, 0, 0, 0, 0, 0, 0, 0, 0, 0, 0, 0, 0, 0, 0]
Middle partial round number:  10
[401595585, 0, 0, 0, 0, 0, 0, 0, 0, 0, 0, 0, 0, 0, 0, 0, 0, 0, 0, 0, 0, 0, 0, 0]
Middle partial round number:  11
[960390448, 0, 0, 0, 0, 0, 0, 0, 0, 0, 0, 0, 0, 0, 0, 0, 0, 0, 0, 0, 0, 0, 0, 0]
Middle partial round number:  12
[1839248568, 0, 0, 0, 0, 0, 0, 0, 0, 0, 0, 0, 0, 0, 0, 0, 0, 0, 0, 0, 0, 0, 0, 0]
Middle partial round number:  13
[837148371, 0, 0, 0, 0, 0, 0, 0, 0, 0, 0, 0, 0, 0, 0, 0, 0, 0, 0, 0, 0, 0, 0, 0]
Middle partial round number:  14
[1734027180, 0, 0, 0, 0, 0, 0, 0, 0, 0, 0, 0, 0, 0, 0, 0, 0, 0, 0, 0, 0, 0, 0, 0]
Middle partial round number:  15
[183012400, 0, 0, 0, 0, 0, 0, 0, 0, 0, 0, 0, 0, 0, 0, 0, 0, 0, 0, 0, 0, 0, 0, 0]
Middle partial round number:  16
[1467498956, 0, 0, 0, 0, 0, 0, 0, 0, 0, 0, 0, 0, 0, 0, 0, 0, 0, 0, 0, 0, 0, 0, 0]
Middle partial round number:  17
[1608543724, 0, 0, 0, 0, 0, 0, 0, 0, 0, 0, 0, 0, 0, 0, 0, 0, 0, 0, 0, 0, 0, 0, 0]
Middle partial round number:  18
[1454401818, 0, 0, 0, 0, 0, 0, 0, 0, 0, 0, 0, 0, 0, 0, 0, 0, 0, 0, 0, 0, 0, 0, 0]
Middle partial round number:  19
[1916984863, 0, 0, 0, 0, 0, 0, 0, 0, 0, 0, 0, 0, 0, 0, 0, 0, 0, 0, 0, 0, 0, 0, 0]
Middle partial round number:  20
[1010267433, 0, 0, 0, 0, 0, 0, 0, 0, 0, 0, 0, 0, 0, 0, 0, 0, 0, 0, 0, 0, 0, 0, 0]
Middle partial round number:  21
[865826083, 0, 0, 0, 0, 0, 0, 0, 0, 0, 0, 0, 0, 0, 0, 0, 0, 0, 0, 0, 0, 0, 0, 0]

 Last full rounds

Round constants:
Last full round number:  0
[476455577, 92050778, 2058797298, 631680266, 1971653464, 1224554387, 188966577, 266145097, 2108955129, 1236913167, 1217697558, 700668048, 1984189573, 472371980, 279607867, 821252022, 1876976693, 34823885, 1823128214, 1051889872, 587042107, 1988826405, 1542019092, 1379762153]
Last full round number:  1
[1441352940, 1204039199, 447036254, 802291326, 1495469713, 1953684070, 1682174687, 765321629, 1870621316, 2004878384, 251743176, 2079576213, 649057048, 1478844919, 1591941516, 1791754240, 791764518, 667598912, 630523934, 1499707354, 2114401637, 1827927537, 167289764, 229166334]
Last full round number:  2
[1623073637, 2128036597, 1720418353, 1269838996, 1493275443, 1879976056, 482629718, 487987191, 2073595302, 1320457068, 2026502270, 1674460820, 1903703067, 1169960838, 95909308, 1883963972, 703517304, 1207185458, 556249829, 429363263, 615763459, 204614028, 2099998522, 402434689]
Last full round number:  3
[1928560623, 807987113, 1591561622, 529946683, 1289130378, 344461070, 1763115865, 389856563, 157935604, 1853825963, 1635969671, 1305157468, 1482662163, 1922872246, 28549754, 463565799, 1261681898, 1675180987, 1799339929, 1863838161, 205379770, 197261736, 1691612016, 1180330520]


 Test Vectors

Input state
  (0, 1, 2, 3, 4, 5, 6, 7, 8, 9, 10, 11, 12, 13, 14, 15, 16, 17, 18, 19, 20, 21, 22, 23)
Output state
  [813042329, 956159494, 2017691352, 906353481, 1909737181, 1568930368, 1051192156, 1915448194, 114779228, 1695016063, 56353577, 991257558, 1283398606, 1782986529, 89100699, 1011002020, 71058136, 1382771657, 1734747710, 184579357, 1201113333, 2002016011, 1347833245, 1026595486]
