+++ R_F = 8, R_P = 22 +++
Begin Poseidon2


 Field Modulus: =  18446744069414584321

 Full Rounds: R_F =  8

 Partial Rounds: R_P=  22

 Alpha =  7

 Full Matrix
[10 14  2  6  5  7  1  3  5  7  1  3  5  7  1  3  5  7  1  3  5  7  1  3]
[ 8 12  2  2  4  6  1  1  4  6  1  1  4  6  1  1  4  6  1  1  4  6  1  1]
[ 2  6 10 14  1  3  5  7  1  3  5  7  1  3  5  7  1  3  5  7  1  3  5  7]
[ 2  2  8 12  1  1  4  6  1  1  4  6  1  1  4  6  1  1  4  6  1  1  4  6]
[ 5  7  1  3 10 14  2  6  5  7  1  3  5  7  1  3  5  7  1  3  5  7  1  3]
[ 4  6  1  1  8 12  2  2  4  6  1  1  4  6  1  1  4  6  1  1  4  6  1  1]
[ 1  3  5  7  2  6 10 14  1  3  5  7  1  3  5  7  1  3  5  7  1  3  5  7]
[ 1  1  4  6  2  2  8 12  1  1  4  6  1  1  4  6  1  1  4  6  1  1  4  6]
[ 5  7  1  3  5  7  1  3 10 14  2  6  5  7  1  3  5  7  1  3  5  7  1  3]
[ 4  6  1  1  4  6  1  1  8 12  2  2  4  6  1  1  4  6  1  1  4  6  1  1]
[ 1  3  5  7  1  3  5  7  2  6 10 14  1  3  5  7  1  3  5  7  1  3  5  7]
[ 1  1  4  6  1  1  4  6  2  2  8 12  1  1  4  6  1  1  4  6  1  1  4  6]
[ 5  7  1  3  5  7  1  3  5  7  1  3 10 14  2  6  5  7  1  3  5  7  1  3]
[ 4  6  1  1  4  6  1  1  4  6  1  1  8 12  2  2  4  6  1  1  4  6  1  1]
[ 1  3  5  7  1  3  5  7  1  3  5  7  2  6 10 14  1  3  5  7  1  3  5  7]
[ 1  1  4  6  1  1  4  6  1  1  4  6  2  2  8 12  1  1  4  6  1  1  4  6]
[ 5  7  1  3  5  7  1  3  5  7  1  3  5  7  1  3 10 14  2  6  5  7  1  3]
[ 4  6  1  1  4  6  1  1  4  6  1  1  4  6  1  1  8 12  2  2  4  6  1  1]
[ 1  3  5  7  1  3  5  7  1  3  5  7  1  3  5  7  2  6 10 14  1  3  5  7]
[ 1  1  4  6  1  1  4  6  1  1  4  6  1  1  4  6  2  2  8 12  1  1  4  6]
[ 5  7  1  3  5  7  1  3  5  7  1  3  5  7  1  3  5  7  1  3 10 14  2  6]
[ 4  6  1  1  4  6  1  1  4  6  1  1  4  6  1  1  4  6  1  1  8 12  2  2]
[ 1  3  5  7  1  3  5  7  1  3  5  7  1  3  5  7  1  3  5  7  2  6 10 14]
[ 1  1  4  6  1  1  4  6  1  1  4  6  1  1  4  6  1  1  4  6  2  2  8 12]

 Partial Matrix
[14652119227266471431                    1                    1                    1                    1                    1                    1                    1                    1                    1                    1                    1                    1                    1                    1                    1                    1                    1                    1                    1                    1                    1                    1                    1]
[                   1  1331719219464862666                    1                    1                    1                    1                    1                    1                    1                    1                    1                    1                    1                    1                    1                    1                    1                    1                    1                    1                    1                    1                    1                    1]
[                   1                    1  5966722909439334710                    1                    1                    1                    1                    1                    1                    1                    1                    1                    1                    1                    1                    1                    1                    1                    1                    1                    1                    1                    1                    1]
[                   1                    1                    1  9218446161822116784                    1                    1                    1                    1                    1                    1                    1                    1                    1                    1                    1                    1                    1                    1                    1                    1                    1                    1                    1                    1]
[                   1                    1                    1                    1  4326616748448112400                    1                    1                    1                    1                    1                    1                    1                    1                    1                    1                    1                    1                    1                    1                    1                    1                    1                    1                    1]
[                   1                    1                    1                    1                    1  8390682293776300144                    1                    1                    1                    1                    1                    1                    1                    1                    1                    1                    1                    1                    1                    1                    1                    1                    1                    1]
[                   1                    1                    1                    1                    1                    1  4159523549131957366                    1                    1                    1                    1                    1                    1                    1                    1                    1                    1                    1                    1                    1                    1                    1                    1                    1]
[                   1                    1                    1                    1                    1                    1                    1 18073864754510412486                    1                    1                    1                    1                    1                    1                    1                    1                    1                    1                    1                    1                    1                    1                    1                    1]
[                   1                    1                    1                    1                    1                    1                    1                    1 17990080059063841948                    1                    1                    1                    1                    1                    1                    1                    1                    1                    1                    1                    1                    1                    1                    1]
[                   1                    1                    1                    1                    1                    1                    1                    1                    1  1789435951346942601                    1                    1                    1                    1                    1                    1                    1                    1                    1                    1                    1                    1                    1                    1]
[                   1                    1                    1                    1                    1                    1                    1                    1                    1                    1 11571992704268426798                    1                    1                    1                    1                    1                    1                    1                    1                    1                    1                    1                    1                    1]
[                   1                    1                    1                    1                    1                    1                    1                    1                    1                    1                    1  9707478060321623855                    1                    1                    1                    1                    1                    1                    1                    1                    1                    1                    1                    1]
[                   1                    1                    1                    1                    1                    1                    1                    1                    1                    1                    1                    1 16786680862899029717                    1                    1                    1                    1                    1                    1                    1                    1                    1                    1                    1]
[                   1                    1                    1                    1                    1                    1                    1                    1                    1                    1                    1                    1                    1   996885669830210990                    1                    1                    1                    1                    1                    1                    1                    1                    1                    1]
[                   1                    1                    1                    1                    1                    1                    1                    1                    1                    1                    1                    1                    1                    1  5035532135157720603                    1                    1                    1                    1                    1                    1                    1                    1                    1]
[                   1                    1                    1                    1                    1                    1                    1                    1                    1                    1                    1                    1                    1                    1                    1  4766294443228365986                    1                    1                    1                    1                    1                    1                    1                    1]
[                   1                    1                    1                    1                    1                    1                    1                    1                    1                    1                    1                    1                    1                    1                    1                    1   863932592275815302                    1                    1                    1                    1                    1                    1                    1]
[                   1                    1                    1                    1                    1                    1                    1                    1                    1                    1                    1                    1                    1                    1                    1                    1                    1   849154638735589654                    1                    1                    1                    1                    1                    1]
[                   1                    1                    1                    1                    1                    1                    1                    1                    1                    1                    1                    1                    1                    1                    1                    1                    1                    1 11653692186414876248                    1                    1                    1                    1                    1]
[                   1                    1                    1                    1                    1                    1                    1                    1                    1                    1                    1                    1                    1                    1                    1                    1                    1                    1                    1 14530732150983299145                    1                    1                    1                    1]
[                   1                    1                    1                    1                    1                    1                    1                    1                    1                    1                    1                    1                    1                    1                    1                    1                    1                    1                    1                    1  1312522322662720321                    1                    1                    1]
[                   1                    1                    1                    1                    1                    1                    1                    1                    1                    1                    1                    1                    1                    1                    1                    1                    1                    1                    1                    1                    1  4749570393206559202                    1                    1]
[                   1                    1                    1                    1                    1                    1                    1                    1                    1                    1                    1                    1                    1                    1                    1                    1                    1                    1                    1                    1                    1                    1  2711643602021932502                    1]
[                   1                    1                    1                    1                    1                    1                    1                    1                    1                    1                    1                    1                    1                    1                    1                    1                    1                    1                    1                    1                    1                    1                    1  1018683248716709190]

 First full rounds

Round constants:
First full round number:  0
[13290748480961376802, 9042221506542336346, 13952680807265797262, 4029328701726734202, 14176397708212147829, 8193520726965807429, 3168680228077219790, 9030983862287025901, 261037193951032085, 4332454456730493739, 10408489479008517404, 11281742826724614161, 14234925890336684000, 1449811009151328690, 559459582788050793, 17983883129546450923, 16398603566318883716, 9496546145821046262, 14656063653132870686, 9818102413386831247, 2251526620032686930, 12045994985773608839, 14549002837972255626, 4785759839935399476]
First full round number:  1
[4833716847521761088, 10567686437573986896, 1542299236165075438, 9473551023816464062, 16274174442034696871, 10180055339685800768, 2206793761787596771, 10403720330905190399, 10827731156610943823, 3466118054503910196, 7845937573899893582, 2028340364641305184, 16220927781264328683, 17560921853672101670, 3060181879696213545, 6232267223045753121, 3322523289160933123, 10648774574915422547, 6390670846386466531, 16387061591734308195, 12902750490669454389, 2130656179209583583, 7902183377680710673, 1605285708016623479]
First full round number:  2
[926961938853635955, 15022009423542326821, 5446925824448875001, 8371331420430550485, 6334864647802606671, 7677974691252314880, 2476343867561813290, 13735615057211218337, 2151383919961293078, 14683959870541965433, 10598776624349755649, 14632722870883290706, 3372054793472501113, 1514901905763803893, 2281556590847996183, 4335910299511426036, 6888156622547532195, 4869150155788896608, 12106122565583814928, 382083344656095442, 15447084953012834917, 1101055000763802000, 15722593768318858957, 16717122862254656812]
First full round number:  3
[9940623148263084501, 9467379678376134567, 16446372568921278189, 4459802133578476810, 9362907246383971596, 1483417484296368935, 13678989001990323803, 1740438608471395507, 15765017224035513971, 14930597856035022190, 7038986974768468465, 6157176144016721373, 16574610081155312696, 223546060781743393, 3033955114990922782, 16349709820380750330, 10688939117386991794, 14122467057669343077, 7686919526020602373, 7953971638805518428, 14453280170922687591, 5644512623914291170, 7957777733404357497, 11572475101808279532]

 Middle partial rounds

Round constants:
Middle partial round number:  0
[9627569334536724326, 0, 0, 0, 0, 0, 0, 0, 0, 0, 0, 0, 0, 0, 0, 0, 0, 0, 0, 0, 0, 0, 0, 0]
Middle partial round number:  1
[7432609322494824550, 0, 0, 0, 0, 0, 0, 0, 0, 0, 0, 0, 0, 0, 0, 0, 0, 0, 0, 0, 0, 0, 0, 0]
Middle partial round number:  2
[13310838684574264037, 0, 0, 0, 0, 0, 0, 0, 0, 0, 0, 0, 0, 0, 0, 0, 0, 0, 0, 0, 0, 0, 0, 0]
Middle partial round number:  3
[17656313559195161896, 0, 0, 0, 0, 0, 0, 0, 0, 0, 0, 0, 0, 0, 0, 0, 0, 0, 0, 0, 0, 0, 0, 0]
Middle partial round number:  4
[13964486408734902201, 0, 0, 0, 0, 0, 0, 0, 0, 0, 0, 0, 0, 0, 0, 0, 0, 0, 0, 0, 0, 0, 0, 0]
Middle partial round number:  5
[10342250385571471184, 0, 0, 0, 0, 0, 0, 0, 0, 0, 0, 0, 0, 0, 0, 0, 0, 0, 0, 0, 0, 0, 0, 0]
Middle partial round number:  6
[18008871850248094244, 0, 0, 0, 0, 0, 0, 0, 0, 0, 0, 0, 0, 0, 0, 0, 0, 0, 0, 0, 0, 0, 0, 0]
Middle partial round number:  7
[11754330027140282357, 0, 0, 0, 0, 0, 0, 0, 0, 0, 0, 0, 0, 0, 0, 0, 0, 0, 0, 0, 0, 0, 0, 0]
Middle partial round number:  8
[14026217786152257177, 0, 0, 0, 0, 0, 0, 0, 0, 0, 0, 0, 0, 0, 0, 0, 0, 0, 0, 0, 0, 0, 0, 0]
Middle partial round number:  9
[11926017634619034036, 0, 0, 0, 0, 0, 0, 0, 0, 0, 0, 0, 0, 0, 0, 0, 0, 0, 0, 0, 0, 0, 0, 0]
Middle partial round number:  10
[11063845660214238115, 0, 0, 0, 0, 0, 0, 0, 0, 0, 0, 0, 0, 0, 0, 0, 0, 0, 0, 0, 0, 0, 0, 0]
Middle partial round number:  11
[4917339027503975555, 0, 0, 0, 0, 0, 0, 0, 0, 0, 0, 0, 0, 0, 0, 0, 0, 0, 0, 0, 0, 0, 0, 0]
Middle partial round number:  12
[6761146533093248159, 0, 0, 0, 0, 0, 0, 0, 0, 0, 0, 0, 0, 0, 0, 0, 0, 0, 0, 0, 0, 0, 0, 0]
Middle partial round number:  13
[10577965008894433463, 0, 0, 0, 0, 0, 0, 0, 0, 0, 0, 0, 0, 0, 0, 0, 0, 0, 0, 0, 0, 0, 0, 0]
Middle partial round number:  14
[17471860651922113238, 0, 0, 0, 0, 0, 0, 0, 0, 0, 0, 0, 0, 0, 0, 0, 0, 0, 0, 0, 0, 0, 0, 0]
Middle partial round number:  15
[17123673355870125266, 0, 0, 0, 0, 0, 0, 0, 0, 0, 0, 0, 0, 0, 0, 0, 0, 0, 0, 0, 0, 0, 0, 0]
Middle partial round number:  16
[7862222318398516234, 0, 0, 0, 0, 0, 0, 0, 0, 0, 0, 0, 0, 0, 0, 0, 0, 0, 0, 0, 0, 0, 0, 0]
Middle partial round number:  17
[17684874526530464686, 0, 0, 0, 0, 0, 0, 0, 0, 0, 0, 0, 0, 0, 0, 0, 0, 0, 0, 0, 0, 0, 0, 0]
Middle partial round number:  18
[76789375955426425, 0, 0, 0, 0, 0, 0, 0, 0, 0, 0, 0, 0, 0, 0, 0, 0, 0, 0, 0, 0, 0, 0, 0]
Middle partial round number:  19
[14026128884839462821, 0, 0, 0, 0, 0, 0, 0, 0, 0, 0, 0, 0, 0, 0, 0, 0, 0, 0, 0, 0, 0, 0, 0]
Middle partial round number:  20
[12846166908963375045, 0, 0, 0, 0, 0, 0, 0, 0, 0, 0, 0, 0, 0, 0, 0, 0, 0, 0, 0, 0, 0, 0, 0]
Middle partial round number:  21
[17643105769199488671, 0, 0, 0, 0, 0, 0, 0, 0, 0, 0, 0, 0, 0, 0, 0, 0, 0, 0, 0, 0, 0, 0, 0]

 Last full rounds

Round constants:
Last full round number:  0
[18431000799001480559, 7279660542465717170, 3087041577942122282, 10200107774030017444, 7851882663885286709, 9928149536190498756, 17745669175247933648, 17249073210518974931, 10276356903956148696, 10599263971515089065, 14674611287863998274, 11442877467313309174, 11065511496702380967, 2876154758173304984, 11275106319405561120, 4838651127390977706, 17338825013815469479, 15043234311331351720, 8666754534119999865, 17468417683690188686, 439387219713716329, 14262642333432722838, 10174772909267604457, 13283160425994629576]
Last full round number:  1
[6623343380634369781, 18236152255312899528, 9117583921606488373, 2318006249843488615, 1734925617831435960, 10191121775942877091, 16886364895571062246, 8770856188237241233, 14766217225120009423, 17837887452519819298, 4946551866392005092, 12834247727752779384, 3956022514260355082, 14230683021070007209, 11732172622826570049, 9540644038724414812, 1743243963643217672, 14595833487374221513, 6785303088430037456, 11057886004448597858, 15525903806613814612, 9716718448761522719, 3118648450237020797, 16374395437719865074]
Last full round number:  2
[17005533845562329564, 11373372404236173143, 14574383989932801008, 4758485526685682684, 3167559196553390307, 10916422758956113732, 6715011595753052745, 13861852435522919576, 14057457309104075879, 8812308741776552389, 11244231977989553313, 129712693465705286, 11836080281649174750, 957972427214000659, 11255811286455618632, 17097192067183029993, 2630350777786799431, 4113248724389387702, 11351523681214420881, 16734996360480870685, 402781529083466692, 1969408982284028986, 2164788748354132535, 6356186309989773039]
Last full round number:  3
[7728571280114615619, 1544823459524514529, 273260192698582021, 9701253874124018534, 16556576327387160247, 3071619453411081608, 10847396331858688692, 11471708852973066056, 10582231904655166507, 7255861805847723662, 5295722918827528763, 254807296215737510, 5096612675450016430, 14325304972919332160, 16685131601701811471, 579031143658823450, 15001038304381100401, 16129240440725841563, 13107897255272592422, 12372143854345675654, 10432414055139571408, 8514831696098540553, 13357969903159227820, 8216280779020609121]


 Test Vectors

Input state
  (0, 1, 2, 3, 4, 5, 6, 7, 8, 9, 10, 11, 12, 13, 14, 15, 16, 17, 18, 19, 20, 21, 22, 23)
Output state
  [18251122416966167127, 12805941084451129030, 4023957093166906277, 10885929105085415282, 6636622287129327265, 5396843597664271025, 4761392231108845452, 15264338210724718134, 9010502944330828023, 5647220351112168360, 953616724313113099, 18171831677598506280, 2540359115301551423, 5588312446648968208, 10801683476659629684, 3064457791015659950, 4683008588872438241, 3839288502939200065, 15678151070891238890, 606200467540638735, 13338500723326677314, 11086007028925347205, 13124397839096413224, 13966446183081845423]
