+++ R_F = 8, R_P = 18 +++
Begin Poseidon2


 Field Modulus: =  2013265921

 Full Rounds: R_F =  8

 Partial Rounds: R_P=  18

 Alpha =  7

 Full Matrix
[10 14  2  6  5  7  1  3  5  7  1  3  5  7  1  3  5  7  1  3]
[ 8 12  2  2  4  6  1  1  4  6  1  1  4  6  1  1  4  6  1  1]
[ 2  6 10 14  1  3  5  7  1  3  5  7  1  3  5  7  1  3  5  7]
[ 2  2  8 12  1  1  4  6  1  1  4  6  1  1  4  6  1  1  4  6]
[ 5  7  1  3 10 14  2  6  5  7  1  3  5  7  1  3  5  7  1  3]
[ 4  6  1  1  8 12  2  2  4  6  1  1  4  6  1  1  4  6  1  1]
[ 1  3  5  7  2  6 10 14  1  3  5  7  1  3  5  7  1  3  5  7]
[ 1  1  4  6  2  2  8 12  1  1  4  6  1  1  4  6  1  1  4  6]
[ 5  7  1  3  5  7  1  3 10 14  2  6  5  7  1  3  5  7  1  3]
[ 4  6  1  1  4  6  1  1  8 12  2  2  4  6  1  1  4  6  1  1]
[ 1  3  5  7  1  3  5  7  2  6 10 14  1  3  5  7  1  3  5  7]
[ 1  1  4  6  1  1  4  6  2  2  8 12  1  1  4  6  1  1  4  6]
[ 5  7  1  3  5  7  1  3  5  7  1  3 10 14  2  6  5  7  1  3]
[ 4  6  1  1  4  6  1  1  4  6  1  1  8 12  2  2  4  6  1  1]
[ 1  3  5  7  1  3  5  7  1  3  5  7  2  6 10 14  1  3  5  7]
[ 1  1  4  6  1  1  4  6  1  1  4  6  2  2  8 12  1  1  4  6]
[ 5  7  1  3  5  7  1  3  5  7  1  3  5  7  1  3 10 14  2  6]
[ 4  6  1  1  4  6  1  1  4  6  1  1  4  6  1  1  8 12  2  2]
[ 1  3  5  7  1  3  5  7  1  3  5  7  1  3  5  7  2  6 10 14]
[ 1  1  4  6  1  1  4  6  1  1  4  6  1  1  4  6  2  2  8 12]

 Partial Matrix
[1616059812          1          1          1          1          1          1          1          1          1          1          1          1          1          1          1          1          1          1          1]
[         1  858338012          1          1          1          1          1          1          1          1          1          1          1          1          1          1          1          1          1          1]
[         1          1 1643142744          1          1          1          1          1          1          1          1          1          1          1          1          1          1          1          1          1]
[         1          1          1 1631604985          1          1          1          1          1          1          1          1          1          1          1          1          1          1          1          1]
[         1          1          1          1 1126418142          1          1          1          1          1          1          1          1          1          1          1          1          1          1          1]
[         1          1          1          1          1  280180040          1          1          1          1          1          1          1          1          1          1          1          1          1          1]
[         1          1          1          1          1          1 1583145433          1          1          1          1          1          1          1          1          1          1          1          1          1]
[         1          1          1          1          1          1          1  430063750          1          1          1          1          1          1          1          1          1          1          1          1]
[         1          1          1          1          1          1          1          1 1013546644          1          1          1          1          1          1          1          1          1          1          1]
[         1          1          1          1          1          1          1          1          1  912123578          1          1          1          1          1          1          1          1          1          1]
[         1          1          1          1          1          1          1          1          1          1 1912164457          1          1          1          1          1          1          1          1          1]
[         1          1          1          1          1          1          1          1          1          1          1  890016297          1          1          1          1          1          1          1          1]
[         1          1          1          1          1          1          1          1          1          1          1          1  948162854          1          1          1          1          1          1          1]
[         1          1          1          1          1          1          1          1          1          1          1          1          1 1364209199          1          1          1          1          1          1]
[         1          1          1          1          1          1          1          1          1          1          1          1          1          1  441090421          1          1          1          1          1]
[         1          1          1          1          1          1          1          1          1          1          1          1          1          1          1   31490483          1          1          1          1]
[         1          1          1          1          1          1          1          1          1          1          1          1          1          1          1          1 1421936747          1          1          1]
[         1          1          1          1          1          1          1          1          1          1          1          1          1          1          1          1          1  307477547          1          1]
[         1          1          1          1          1          1          1          1          1          1          1          1          1          1          1          1          1          1 1348049717          1]
[         1          1          1          1          1          1          1          1          1          1          1          1          1          1          1          1          1          1          1   39557060]

 First full rounds

Round constants:
First full round number:  0
[818758807, 1741651346, 289187718, 687149559, 1283785489, 1036024808, 209851577, 403246487, 1750021627, 300857960, 1451035815, 1832894140, 1191347296, 162059315, 1186749788, 285738418, 1356717186, 2024698, 1441613593, 1191755214]
First full round number:  1
[441649963, 1832330240, 839916866, 45144016, 811922706, 1729051748, 896753201, 1512792388, 554527654, 309651050, 556678665, 1474703344, 1801656436, 1800895003, 219676074, 619440155, 888588798, 1495095893, 1598400834, 1581600575]
First full round number:  2
[599217715, 1426547056, 1017812098, 1781317376, 1914994715, 1958423908, 778897808, 602585377, 1714815912, 65595775, 81485117, 1690429479, 935622910, 904906757, 1432006393, 1701031180, 348761772, 383181170, 1112525801, 808978517]
First full round number:  3
[1960109503, 309705347, 1458776621, 1022984073, 1141659409, 1214807690, 1231421688, 185483935, 357244454, 932952270, 662078437, 1141104788, 302199360, 1003488983, 1323757083, 1657173580, 1915770159, 1328815591, 1016040521, 1875295970]

 Middle partial rounds

Round constants:
Middle partial round number:  0
[171898701, 0, 0, 0, 0, 0, 0, 0, 0, 0, 0, 0, 0, 0, 0, 0, 0, 0, 0, 0]
Middle partial round number:  1
[594608391, 0, 0, 0, 0, 0, 0, 0, 0, 0, 0, 0, 0, 0, 0, 0, 0, 0, 0, 0]
Middle partial round number:  2
[610602114, 0, 0, 0, 0, 0, 0, 0, 0, 0, 0, 0, 0, 0, 0, 0, 0, 0, 0, 0]
Middle partial round number:  3
[314239956, 0, 0, 0, 0, 0, 0, 0, 0, 0, 0, 0, 0, 0, 0, 0, 0, 0, 0, 0]
Middle partial round number:  4
[1187181518, 0, 0, 0, 0, 0, 0, 0, 0, 0, 0, 0, 0, 0, 0, 0, 0, 0, 0, 0]
Middle partial round number:  5
[1468100569, 0, 0, 0, 0, 0, 0, 0, 0, 0, 0, 0, 0, 0, 0, 0, 0, 0, 0, 0]
Middle partial round number:  6
[1145038108, 0, 0, 0, 0, 0, 0, 0, 0, 0, 0, 0, 0, 0, 0, 0, 0, 0, 0, 0]
Middle partial round number:  7
[712508843, 0, 0, 0, 0, 0, 0, 0, 0, 0, 0, 0, 0, 0, 0, 0, 0, 0, 0, 0]
Middle partial round number:  8
[1062244081, 0, 0, 0, 0, 0, 0, 0, 0, 0, 0, 0, 0, 0, 0, 0, 0, 0, 0, 0]
Middle partial round number:  9
[353076076, 0, 0, 0, 0, 0, 0, 0, 0, 0, 0, 0, 0, 0, 0, 0, 0, 0, 0, 0]
Middle partial round number:  10
[469848058, 0, 0, 0, 0, 0, 0, 0, 0, 0, 0, 0, 0, 0, 0, 0, 0, 0, 0, 0]
Middle partial round number:  11
[470255294, 0, 0, 0, 0, 0, 0, 0, 0, 0, 0, 0, 0, 0, 0, 0, 0, 0, 0, 0]
Middle partial round number:  12
[275009936, 0, 0, 0, 0, 0, 0, 0, 0, 0, 0, 0, 0, 0, 0, 0, 0, 0, 0, 0]
Middle partial round number:  13
[1618713610, 0, 0, 0, 0, 0, 0, 0, 0, 0, 0, 0, 0, 0, 0, 0, 0, 0, 0, 0]
Middle partial round number:  14
[1217795333, 0, 0, 0, 0, 0, 0, 0, 0, 0, 0, 0, 0, 0, 0, 0, 0, 0, 0, 0]
Middle partial round number:  15
[1864415163, 0, 0, 0, 0, 0, 0, 0, 0, 0, 0, 0, 0, 0, 0, 0, 0, 0, 0, 0]
Middle partial round number:  16
[1532684835, 0, 0, 0, 0, 0, 0, 0, 0, 0, 0, 0, 0, 0, 0, 0, 0, 0, 0, 0]
Middle partial round number:  17
[535115100, 0, 0, 0, 0, 0, 0, 0, 0, 0, 0, 0, 0, 0, 0, 0, 0, 0, 0, 0]

 Last full rounds

Round constants:
Last full round number:  0
[670013610, 71176715, 1685937357, 1163690418, 1791130943, 664756518, 1990285144, 1489088678, 1257781505, 1164189007, 503221299, 57805960, 880989197, 1997375840, 1627961136, 104841348, 158214708, 319100064, 1119633151, 1131894856]
Last full round number:  1
[1881759972, 1827773561, 1278226653, 1842510130, 1681198569, 1208910609, 1780638508, 672447734, 292657123, 1212470297, 1994490278, 1633015732, 1121709350, 1659486843, 274419473, 1372870744, 872022680, 648053288, 1595168799, 1004050231]
Last full round number:  2
[589665935, 1099240122, 793199663, 241699573, 205671610, 1832420782, 178031806, 612758185, 530134399, 257479985, 852948657, 740722541, 769905550, 1518038217, 481216496, 1252128117, 2007960781, 433307228, 178657752, 80734840]
Last full round number:  3
[229878646, 769653411, 1378117479, 1356328984, 831318943, 778675462, 1272566266, 705386394, 1444034754, 678935450, 116206713, 580491450, 1937703301, 1620749617, 753808721, 1144306967, 497570927, 892533734, 641186157, 45105284]


 Test Vectors

Input state
  (0, 1, 2, 3, 4, 5, 6, 7, 8, 9, 10, 11, 12, 13, 14, 15, 16, 17, 18, 19)
Output state
  [1637625426, 1224149815, 185762176, 1743975927, 215506, 846181926, 1805239884, 1583247763, 40890463, 1769635047, 1593365708, 543030243, 190381160, 114174693, 528766946, 107317631, 199017750, 946546831, 188856465, 89693326]
