+++ R_F = 8, R_P = 18 +++
Begin Poseidon2


 Field Modulus: =  2147483647

 Full Rounds: R_F =  8

 Partial Rounds: R_P=  18

 Alpha =  5

 Full Matrix
[10 14  2  6  5  7  1  3  5  7  1  3  5  7  1  3  5  7  1  3]
[ 8 12  2  2  4  6  1  1  4  6  1  1  4  6  1  1  4  6  1  1]
[ 2  6 10 14  1  3  5  7  1  3  5  7  1  3  5  7  1  3  5  7]
[ 2  2  8 12  1  1  4  6  1  1  4  6  1  1  4  6  1  1  4  6]
[ 5  7  1  3 10 14  2  6  5  7  1  3  5  7  1  3  5  7  1  3]
[ 4  6  1  1  8 12  2  2  4  6  1  1  4  6  1  1  4  6  1  1]
[ 1  3  5  7  2  6 10 14  1  3  5  7  1  3  5  7  1  3  5  7]
[ 1  1  4  6  2  2  8 12  1  1  4  6  1  1  4  6  1  1  4  6]
[ 5  7  1  3  5  7  1  3 10 14  2  6  5  7  1  3  5  7  1  3]
[ 4  6  1  1  4  6  1  1  8 12  2  2  4  6  1  1  4  6  1  1]
[ 1  3  5  7  1  3  5  7  2  6 10 14  1  3  5  7  1  3  5  7]
[ 1  1  4  6  1  1  4  6  2  2  8 12  1  1  4  6  1  1  4  6]
[ 5  7  1  3  5  7  1  3  5  7  1  3 10 14  2  6  5  7  1  3]
[ 4  6  1  1  4  6  1  1  4  6  1  1  8 12  2  2  4  6  1  1]
[ 1  3  5  7  1  3  5  7  1  3  5  7  2  6 10 14  1  3  5  7]
[ 1  1  4  6  1  1  4  6  1  1  4  6  2  2  8 12  1  1  4  6]
[ 5  7  1  3  5  7  1  3  5  7  1  3  5  7  1  3 10 14  2  6]
[ 4  6  1  1  4  6  1  1  4  6  1  1  4  6  1  1  8 12  2  2]
[ 1  3  5  7  1  3  5  7  1  3  5  7  1  3  5  7  2  6 10 14]
[ 1  1  4  6  1  1  4  6  1  1  4  6  1  1  4  6  2  2  8 12]

 Partial Matrix
[  31123456          1          1          1          1          1          1          1          1          1          1          1          1          1          1          1          1          1          1          1]
[         1 2146891819          1          1          1          1          1          1          1          1          1          1          1          1          1          1          1          1          1          1]
[         1          1  883503533          1          1          1          1          1          1          1          1          1          1          1          1          1          1          1          1          1]
[         1          1          1 1444230732          1          1          1          1          1          1          1          1          1          1          1          1          1          1          1          1]
[         1          1          1          1 2049036611          1          1          1          1          1          1          1          1          1          1          1          1          1          1          1]
[         1          1          1          1          1 1549044077          1          1          1          1          1          1          1          1          1          1          1          1          1          1]
[         1          1          1          1          1          1  755722313          1          1          1          1          1          1          1          1          1          1          1          1          1]
[         1          1          1          1          1          1          1   62696884          1          1          1          1          1          1          1          1          1          1          1          1]
[         1          1          1          1          1          1          1          1 1251583105          1          1          1          1          1          1          1          1          1          1          1]
[         1          1          1          1          1          1          1          1          1 1025349232          1          1          1          1          1          1          1          1          1          1]
[         1          1          1          1          1          1          1          1          1          1  523317200          1          1          1          1          1          1          1          1          1]
[         1          1          1          1          1          1          1          1          1          1          1  802530342          1          1          1          1          1          1          1          1]
[         1          1          1          1          1          1          1          1          1          1          1          1 1349997423          1          1          1          1          1          1          1]
[         1          1          1          1          1          1          1          1          1          1          1          1          1 1852126399          1          1          1          1          1          1]
[         1          1          1          1          1          1          1          1          1          1          1          1          1          1  673059720          1          1          1          1          1]
[         1          1          1          1          1          1          1          1          1          1          1          1          1          1          1  601141315          1          1          1          1]
[         1          1          1          1          1          1          1          1          1          1          1          1          1          1          1          1  387542968          1          1          1]
[         1          1          1          1          1          1          1          1          1          1          1          1          1          1          1          1          1 1586686670          1          1]
[         1          1          1          1          1          1          1          1          1          1          1          1          1          1          1          1          1          1  681720841          1]
[         1          1          1          1          1          1          1          1          1          1          1          1          1          1          1          1          1          1          1  780835213]

 First full rounds

Round constants:
First full round number:  0
[818758807, 1741651346, 289187718, 687149559, 1283785489, 1036024808, 209851577, 403246487, 1750021627, 2135836558, 300857960, 1451035815, 1832894140, 1191347296, 162059315, 1186749788, 285738418, 1356717186, 2024698, 1441613593]
First full round number:  1
[1191755214, 441649963, 1832330240, 839916866, 45144016, 811922706, 1729051748, 896753201, 1512792388, 554527654, 309651050, 556678665, 1474703344, 1801656436, 1800895003, 219676074, 619440155, 888588798, 1495095893, 1598400834]
First full round number:  2
[1581600575, 599217715, 1426547056, 1017812098, 1781317376, 1914994715, 1958423908, 778897808, 2016508917, 602585377, 1714815912, 65595775, 81485117, 1690429479, 935622910, 904906757, 1432006393, 1701031180, 348761772, 383181170]
First full round number:  3
[1112525801, 808978517, 1960109503, 309705347, 1458776621, 1022984073, 1141659409, 1214807690, 1231421688, 185483935, 357244454, 932952270, 662078437, 1141104788, 302199360, 1003488983, 1323757083, 1657173580, 1915770159, 1328815591]

 Middle partial rounds

Round constants:
Middle partial round number:  0
[1016040521, 0, 0, 0, 0, 0, 0, 0, 0, 0, 0, 0, 0, 0, 0, 0, 0, 0, 0, 0]
Middle partial round number:  1
[1875295970, 0, 0, 0, 0, 0, 0, 0, 0, 0, 0, 0, 0, 0, 0, 0, 0, 0, 0, 0]
Middle partial round number:  2
[171898701, 0, 0, 0, 0, 0, 0, 0, 0, 0, 0, 0, 0, 0, 0, 0, 0, 0, 0, 0]
Middle partial round number:  3
[594608391, 0, 0, 0, 0, 0, 0, 0, 0, 0, 0, 0, 0, 0, 0, 0, 0, 0, 0, 0]
Middle partial round number:  4
[610602114, 0, 0, 0, 0, 0, 0, 0, 0, 0, 0, 0, 0, 0, 0, 0, 0, 0, 0, 0]
Middle partial round number:  5
[314239956, 0, 0, 0, 0, 0, 0, 0, 0, 0, 0, 0, 0, 0, 0, 0, 0, 0, 0, 0]
Middle partial round number:  6
[1187181518, 0, 0, 0, 0, 0, 0, 0, 0, 0, 0, 0, 0, 0, 0, 0, 0, 0, 0, 0]
Middle partial round number:  7
[1468100569, 0, 0, 0, 0, 0, 0, 0, 0, 0, 0, 0, 0, 0, 0, 0, 0, 0, 0, 0]
Middle partial round number:  8
[1145038108, 0, 0, 0, 0, 0, 0, 0, 0, 0, 0, 0, 0, 0, 0, 0, 0, 0, 0, 0]
Middle partial round number:  9
[712508843, 0, 0, 0, 0, 0, 0, 0, 0, 0, 0, 0, 0, 0, 0, 0, 0, 0, 0, 0]
Middle partial round number:  10
[1062244081, 0, 0, 0, 0, 0, 0, 0, 0, 0, 0, 0, 0, 0, 0, 0, 0, 0, 0, 0]
Middle partial round number:  11
[353076076, 0, 0, 0, 0, 0, 0, 0, 0, 0, 0, 0, 0, 0, 0, 0, 0, 0, 0, 0]
Middle partial round number:  12
[469848058, 0, 0, 0, 0, 0, 0, 0, 0, 0, 0, 0, 0, 0, 0, 0, 0, 0, 0, 0]
Middle partial round number:  13
[470255294, 0, 0, 0, 0, 0, 0, 0, 0, 0, 0, 0, 0, 0, 0, 0, 0, 0, 0, 0]
Middle partial round number:  14
[275009936, 0, 0, 0, 0, 0, 0, 0, 0, 0, 0, 0, 0, 0, 0, 0, 0, 0, 0, 0]
Middle partial round number:  15
[1618713610, 0, 0, 0, 0, 0, 0, 0, 0, 0, 0, 0, 0, 0, 0, 0, 0, 0, 0, 0]
Middle partial round number:  16
[1217795333, 0, 0, 0, 0, 0, 0, 0, 0, 0, 0, 0, 0, 0, 0, 0, 0, 0, 0, 0]
Middle partial round number:  17
[1864415163, 0, 0, 0, 0, 0, 0, 0, 0, 0, 0, 0, 0, 0, 0, 0, 0, 0, 0, 0]

 Last full rounds

Round constants:
Last full round number:  0
[1532684835, 535115100, 670013610, 71176715, 1685937357, 1163690418, 1791130943, 664756518, 1990285144, 1489088678, 1257781505, 1164189007, 503221299, 57805960, 880989197, 1997375840, 1627961136, 104841348, 158214708, 319100064]
Last full round number:  1
[1119633151, 1131894856, 1881759972, 1827773561, 1278226653, 1842510130, 1681198569, 1208910609, 1780638508, 672447734, 292657123, 1212470297, 1994490278, 1633015732, 1121709350, 2026363772, 1659486843, 274419473, 1372870744, 872022680]
Last full round number:  2
[648053288, 1595168799, 1004050231, 589665935, 1099240122, 2118215968, 793199663, 241699573, 205671610, 1832420782, 178031806, 612758185, 530134399, 257479985, 852948657, 740722541, 769905550, 1518038217, 481216496, 1252128117]
Last full round number:  3
[2007960781, 433307228, 178657752, 80734840, 229878646, 769653411, 1378117479, 2019765752, 2077574721, 1356328984, 831318943, 778675462, 1272566266, 705386394, 1444034754, 678935450, 116206713, 580491450, 1937703301, 1620749617]


 Test Vectors

Input state
  (0, 1, 2, 3, 4, 5, 6, 7, 8, 9, 10, 11, 12, 13, 14, 15, 16, 17, 18, 19)
Output state
  [2145869251, 33722680, 323999981, 1338601227, 1335935383, 1569616976, 1025767832, 1219571145, 1312283131, 517961801, 1182517165, 1896142496, 1426432276, 386540698, 1519857378, 840037603, 431686357, 2045496595, 609478066, 1695781828]
