+++ R_F = 8, R_P = 22 +++
Begin Poseidon2


 Field Modulus: =  18446744069414584321

 Full Rounds: R_F =  8

 Partial Rounds: R_P=  22

 Alpha =  7

 Full Matrix
[10 14  2  6  5  7  1  3  5  7  1  3  5  7  1  3  5  7  1  3]
[ 8 12  2  2  4  6  1  1  4  6  1  1  4  6  1  1  4  6  1  1]
[ 2  6 10 14  1  3  5  7  1  3  5  7  1  3  5  7  1  3  5  7]
[ 2  2  8 12  1  1  4  6  1  1  4  6  1  1  4  6  1  1  4  6]
[ 5  7  1  3 10 14  2  6  5  7  1  3  5  7  1  3  5  7  1  3]
[ 4  6  1  1  8 12  2  2  4  6  1  1  4  6  1  1  4  6  1  1]
[ 1  3  5  7  2  6 10 14  1  3  5  7  1  3  5  7  1  3  5  7]
[ 1  1  4  6  2  2  8 12  1  1  4  6  1  1  4  6  1  1  4  6]
[ 5  7  1  3  5  7  1  3 10 14  2  6  5  7  1  3  5  7  1  3]
[ 4  6  1  1  4  6  1  1  8 12  2  2  4  6  1  1  4  6  1  1]
[ 1  3  5  7  1  3  5  7  2  6 10 14  1  3  5  7  1  3  5  7]
[ 1  1  4  6  1  1  4  6  2  2  8 12  1  1  4  6  1  1  4  6]
[ 5  7  1  3  5  7  1  3  5  7  1  3 10 14  2  6  5  7  1  3]
[ 4  6  1  1  4  6  1  1  4  6  1  1  8 12  2  2  4  6  1  1]
[ 1  3  5  7  1  3  5  7  1  3  5  7  2  6 10 14  1  3  5  7]
[ 1  1  4  6  1  1  4  6  1  1  4  6  2  2  8 12  1  1  4  6]
[ 5  7  1  3  5  7  1  3  5  7  1  3  5  7  1  3 10 14  2  6]
[ 4  6  1  1  4  6  1  1  4  6  1  1  4  6  1  1  8 12  2  2]
[ 1  3  5  7  1  3  5  7  1  3  5  7  1  3  5  7  2  6 10 14]
[ 1  1  4  6  1  1  4  6  1  1  4  6  1  1  4  6  2  2  8 12]

 Partial Matrix
[10791612058482899544                    1                    1                    1                    1                    1                    1                    1                    1                    1                    1                    1                    1                    1                    1                    1                    1                    1                    1                    1]
[                   1 17541496269468922925                    1                    1                    1                    1                    1                    1                    1                    1                    1                    1                    1                    1                    1                    1                    1                    1                    1                    1]
[                   1                    1  9941094606838397253                    1                    1                    1                    1                    1                    1                    1                    1                    1                    1                    1                    1                    1                    1                    1                    1                    1]
[                   1                    1                    1  1184203619175752403                    1                    1                    1                    1                    1                    1                    1                    1                    1                    1                    1                    1                    1                    1                    1                    1]
[                   1                    1                    1                    1  7515999401375846674                    1                    1                    1                    1                    1                    1                    1                    1                    1                    1                    1                    1                    1                    1                    1]
[                   1                    1                    1                    1                    1  2829206547735581839                    1                    1                    1                    1                    1                    1                    1                    1                    1                    1                    1                    1                    1                    1]
[                   1                    1                    1                    1                    1                    1  4521283194234715928                    1                    1                    1                    1                    1                    1                    1                    1                    1                    1                    1                    1                    1]
[                   1                    1                    1                    1                    1                    1                    1 18250187347072443341                    1                    1                    1                    1                    1                    1                    1                    1                    1                    1                    1                    1]
[                   1                    1                    1                    1                    1                    1                    1                    1  5244727945020272064                    1                    1                    1                    1                    1                    1                    1                    1                    1                    1                    1]
[                   1                    1                    1                    1                    1                    1                    1                    1                    1 16199929961294420814                    1                    1                    1                    1                    1                    1                    1                    1                    1                    1]
[                   1                    1                    1                    1                    1                    1                    1                    1                    1                    1 15983719411720232396                    1                    1                    1                    1                    1                    1                    1                    1                    1]
[                   1                    1                    1                    1                    1                    1                    1                    1                    1                    1                    1 10159649407817228826                    1                    1                    1                    1                    1                    1                    1                    1]
[                   1                    1                    1                    1                    1                    1                    1                    1                    1                    1                    1                    1 12026060288613385509                    1                    1                    1                    1                    1                    1                    1]
[                   1                    1                    1                    1                    1                    1                    1                    1                    1                    1                    1                    1                    1  7536754592428076060                    1                    1                    1                    1                    1                    1]
[                   1                    1                    1                    1                    1                    1                    1                    1                    1                    1                    1                    1                    1                    1  1044216119540211577                    1                    1                    1                    1                    1]
[                   1                    1                    1                    1                    1                    1                    1                    1                    1                    1                    1                    1                    1                    1                    1  5274370420249928548                    1                    1                    1                    1]
[                   1                    1                    1                    1                    1                    1                    1                    1                    1                    1                    1                    1                    1                    1                    1                    1 13485809136811574721                    1                    1                    1]
[                   1                    1                    1                    1                    1                    1                    1                    1                    1                    1                    1                    1                    1                    1                    1                    1                    1 11639526920339249412                    1                    1]
[                   1                    1                    1                    1                    1                    1                    1                    1                    1                    1                    1                    1                    1                    1                    1                    1                    1                    1 13129604340743162137                    1]
[                   1                    1                    1                    1                    1                    1                    1                    1                    1                    1                    1                    1                    1                    1                    1                    1                    1                    1                    1   807996637816103829]

 First full rounds

Round constants:
First full round number:  0
[17655927299676208962, 10030612701677799931, 346719106490453683, 6820911385854134397, 15585540514402831926, 6571742652146576292, 16968644441763699873, 17053700544531324259, 3107379598568846778, 12381131979067527978, 2886785126162167484, 9521002403585135203, 15515800817020402330, 16455282610484243347, 16685102364060984170, 6303700883315993212, 9346522723959597879, 1110327270646169905, 10914606321963430436, 2407304067898843003]
First full round number:  1
[6503536824669470848, 5151938673613466571, 6905495928635539866, 1885985396095488527, 17811615615226360505, 5239660700391553842, 8989881679249916786, 15167620044895211012, 17394997327625120003, 8710795153964261480, 6404509997834168342, 6589706609917000743, 27313646548520428, 4997435810968868455, 8113463800332512532, 3559968517723491851, 16470463235032324449, 3614603123524719553, 11033180882494639976, 12541427802818321816]
First full round number:  2
[7551109693539359912, 9860021623411782573, 10686114915806840923, 12469011167046317750, 5254324337938220971, 817522768745943461, 8512065838457015026, 15853117412928930594, 16126889734016250213, 14021387165303025751, 18059593332548789075, 3156188168442237352, 14896491194975973697, 3282120481253225435, 14305239928074816115, 17962644851926742599, 3349692641894680693, 9160742206429647613, 10810725700651206491, 7946391019200245569]
First full round number:  3
[8808022140012780318, 3816273101550995731, 4057383053694268239, 995473015476712005, 14391156111610764448, 6529095508377542579, 7073980020063020702, 1446199599734722403, 7144481023135165015, 7282267210180139644, 12939196145906014987, 2677370514553977514, 13514497221415738245, 2300793714771917117, 15715903922707426493, 16018829070784767824, 1067296338773300833, 14300107703128555504, 2295998998874996999, 16098229091654265268]

 Middle partial rounds

Round constants:
Middle partial round number:  0
[13025646434196306251, 0, 0, 0, 0, 0, 0, 0, 0, 0, 0, 0, 0, 0, 0, 0, 0, 0, 0, 0]
Middle partial round number:  1
[4210259766096389933, 0, 0, 0, 0, 0, 0, 0, 0, 0, 0, 0, 0, 0, 0, 0, 0, 0, 0, 0]
Middle partial round number:  2
[16474512694074459032, 0, 0, 0, 0, 0, 0, 0, 0, 0, 0, 0, 0, 0, 0, 0, 0, 0, 0, 0]
Middle partial round number:  3
[13314004004850599878, 0, 0, 0, 0, 0, 0, 0, 0, 0, 0, 0, 0, 0, 0, 0, 0, 0, 0, 0]
Middle partial round number:  4
[4302188279843827161, 0, 0, 0, 0, 0, 0, 0, 0, 0, 0, 0, 0, 0, 0, 0, 0, 0, 0, 0]
Middle partial round number:  5
[2859004902274110532, 0, 0, 0, 0, 0, 0, 0, 0, 0, 0, 0, 0, 0, 0, 0, 0, 0, 0, 0]
Middle partial round number:  6
[1529605154731907120, 0, 0, 0, 0, 0, 0, 0, 0, 0, 0, 0, 0, 0, 0, 0, 0, 0, 0, 0]
Middle partial round number:  7
[10772649751248828858, 0, 0, 0, 0, 0, 0, 0, 0, 0, 0, 0, 0, 0, 0, 0, 0, 0, 0, 0]
Middle partial round number:  8
[16548911070496837906, 0, 0, 0, 0, 0, 0, 0, 0, 0, 0, 0, 0, 0, 0, 0, 0, 0, 0, 0]
Middle partial round number:  9
[18396104966180523211, 0, 0, 0, 0, 0, 0, 0, 0, 0, 0, 0, 0, 0, 0, 0, 0, 0, 0, 0]
Middle partial round number:  10
[4540541080790310979, 0, 0, 0, 0, 0, 0, 0, 0, 0, 0, 0, 0, 0, 0, 0, 0, 0, 0, 0]
Middle partial round number:  11
[8762139140410109331, 0, 0, 0, 0, 0, 0, 0, 0, 0, 0, 0, 0, 0, 0, 0, 0, 0, 0, 0]
Middle partial round number:  12
[6903107304943489246, 0, 0, 0, 0, 0, 0, 0, 0, 0, 0, 0, 0, 0, 0, 0, 0, 0, 0, 0]
Middle partial round number:  13
[1302830609454020594, 0, 0, 0, 0, 0, 0, 0, 0, 0, 0, 0, 0, 0, 0, 0, 0, 0, 0, 0]
Middle partial round number:  14
[16880382004754185353, 0, 0, 0, 0, 0, 0, 0, 0, 0, 0, 0, 0, 0, 0, 0, 0, 0, 0, 0]
Middle partial round number:  15
[11409921296471382138, 0, 0, 0, 0, 0, 0, 0, 0, 0, 0, 0, 0, 0, 0, 0, 0, 0, 0, 0]
Middle partial round number:  16
[15939744905060115051, 0, 0, 0, 0, 0, 0, 0, 0, 0, 0, 0, 0, 0, 0, 0, 0, 0, 0, 0]
Middle partial round number:  17
[16236650994369692333, 0, 0, 0, 0, 0, 0, 0, 0, 0, 0, 0, 0, 0, 0, 0, 0, 0, 0, 0]
Middle partial round number:  18
[11304049081959549111, 0, 0, 0, 0, 0, 0, 0, 0, 0, 0, 0, 0, 0, 0, 0, 0, 0, 0, 0]
Middle partial round number:  19
[6583721883776950505, 0, 0, 0, 0, 0, 0, 0, 0, 0, 0, 0, 0, 0, 0, 0, 0, 0, 0, 0]
Middle partial round number:  20
[15973705279745490296, 0, 0, 0, 0, 0, 0, 0, 0, 0, 0, 0, 0, 0, 0, 0, 0, 0, 0, 0]
Middle partial round number:  21
[16777439708225768201, 0, 0, 0, 0, 0, 0, 0, 0, 0, 0, 0, 0, 0, 0, 0, 0, 0, 0, 0]

 Last full rounds

Round constants:
Last full round number:  0
[6082472028639076131, 13360303746020154399, 16946961551542720036, 6904669830576070140, 8844316135308274229, 14470348940670949726, 3462344535182646272, 1645123023752022082, 15520523563851976072, 13277387370474765147, 8762030864412478488, 619257635389659934, 6900570558529971639, 16728116662951941613, 2055255907731773492, 5291441514518380121, 2796168239892950340, 3288624334325611854, 2605087886652128515, 15082760638613156830]
Last full round number:  1
[11633994962294266501, 1968847698072358908, 600029679121739660, 12772317521963687314, 3597699872367098922, 13237423265869638952, 14058804243569217428, 17503188606311436557, 4651323252135583109, 7449902046069123347, 1099406127352499677, 3489945818369257829, 12798317438982294659, 6451767622661672443, 14775473667862410148, 11481777309617688591, 5972173115481711955, 5619707952390005919, 7431282503516158671, 9582222060496790354]
Last full round number:  2
[13077058508620695971, 2248571258319469919, 7919846023439814119, 8723459018094598979, 1127971773097775431, 4736360898600492470, 10317828089001536529, 6706486164491401803, 79189767891723502, 2694946104279144603, 9012524147736268092, 16919543882210910315, 7814123362541675948, 12747506774226384740, 18066724346903275515, 934480250190456158, 14063061749114225595, 5745799608309183152, 14324061688289741013, 10157064979094129842]
Last full round number:  3
[9982916154476301452, 8079705052605604589, 13271139488131362038, 15788355238366005949, 9941504702484786798, 15395145735950871925, 126882512446994601, 8403606992597284083, 5940599433656199376, 7792473867804146649, 5205688674317544944, 7423996852795231289, 11727247982218399096, 3689793140299501611, 4072732276510170657, 10231004510525457236, 14884207140962074841, 9876548396825956055, 17620732712704282403, 13041626216399966582]


 Test Vectors

Input state
  (0, 1, 2, 3, 4, 5, 6, 7, 8, 9, 10, 11, 12, 13, 14, 15, 16, 17, 18, 19)
Output state
  [8286735709083276653, 11149088023565435727, 15023266237519995777, 18365691466371460274, 15198135344673678767, 9869463076898621604, 12965708132840729832, 15595675086112225077, 5836975862472295314, 1853169328081266881, 12836148871588596568, 15731985806474814876, 6320666304123080912, 3019943795842614033, 9099475684075142071, 14330929933832353468, 10807874726192307928, 12714083393272583450, 8213618377940538408, 12335597015055980975]
