+++ R_F = 8, R_P = 12 +++
Begin Poseidon2


 Field Modulus: =  2147483647

 Full Rounds: R_F =  8

 Partial Rounds: R_P=  12

 Alpha =  5

 Full Matrix
[10 14  2  6  5  7  1  3  5  7  1  3]
[ 8 12  2  2  4  6  1  1  4  6  1  1]
[ 2  6 10 14  1  3  5  7  1  3  5  7]
[ 2  2  8 12  1  1  4  6  1  1  4  6]
[ 5  7  1  3 10 14  2  6  5  7  1  3]
[ 4  6  1  1  8 12  2  2  4  6  1  1]
[ 1  3  5  7  2  6 10 14  1  3  5  7]
[ 1  1  4  6  2  2  8 12  1  1  4  6]
[ 5  7  1  3  5  7  1  3 10 14  2  6]
[ 4  6  1  1  4  6  1  1  8 12  2  2]
[ 1  3  5  7  1  3  5  7  2  6 10 14]
[ 1  1  4  6  1  1  4  6  2  2  8 12]

 Partial Matrix
[1252134247          1          1          1          1          1          1          1          1          1          1          1]
[         1  929499277          1          1          1          1          1          1          1          1          1          1]
[         1          1 1585626507          1          1          1          1          1          1          1          1          1]
[         1          1          1  674431375          1          1          1          1          1          1          1          1]
[         1          1          1          1 1497509904          1          1          1          1          1          1          1]
[         1          1          1          1          1 1176210029          1          1          1          1          1          1]
[         1          1          1          1          1          1 1013201798          1          1          1          1          1]
[         1          1          1          1          1          1          1 1275641949          1          1          1          1]
[         1          1          1          1          1          1          1          1 1453291215          1          1          1]
[         1          1          1          1          1          1          1          1          1 1193860018          1          1]
[         1          1          1          1          1          1          1          1          1          1 1972207852          1]
[         1          1          1          1          1          1          1          1          1          1          1  872055357]

 First full rounds

Round constants:
First full round number:  0
[1756807392, 1321359285, 1356460872, 573885267, 82098670, 811172350, 861056761, 473707426, 2058155402, 114010263, 2062839744, 1374022408]
First full round number:  1
[156003872, 1631981113, 1764889015, 415937250, 95108366, 1640019832, 2146864497, 2129507164, 102473926, 644040560, 1057030820, 1252975256]
First full round number:  2
[954706408, 117017615, 1968271041, 1764251589, 496053340, 91063551, 791507041, 765553359, 153790200, 451368812, 1000892593, 387553819]
First full round number:  3
[1017974390, 1123170275, 2097435580, 143508938, 120098041, 1595611176, 1143521009, 701422717, 1239835457, 544383441, 1745065278, 1404843475]

 Middle partial rounds

Round constants:
Middle partial round number:  0
[725473725, 0, 0, 0, 0, 0, 0, 0, 0, 0, 0, 0]
Middle partial round number:  1
[2062521830, 0, 0, 0, 0, 0, 0, 0, 0, 0, 0, 0]
Middle partial round number:  2
[240862928, 0, 0, 0, 0, 0, 0, 0, 0, 0, 0, 0]
Middle partial round number:  3
[2105683601, 0, 0, 0, 0, 0, 0, 0, 0, 0, 0, 0]
Middle partial round number:  4
[1956904909, 0, 0, 0, 0, 0, 0, 0, 0, 0, 0, 0]
Middle partial round number:  5
[756236513, 0, 0, 0, 0, 0, 0, 0, 0, 0, 0, 0]
Middle partial round number:  6
[94316442, 0, 0, 0, 0, 0, 0, 0, 0, 0, 0, 0]
Middle partial round number:  7
[1418755475, 0, 0, 0, 0, 0, 0, 0, 0, 0, 0, 0]
Middle partial round number:  8
[994499534, 0, 0, 0, 0, 0, 0, 0, 0, 0, 0, 0]
Middle partial round number:  9
[2007692628, 0, 0, 0, 0, 0, 0, 0, 0, 0, 0, 0]
Middle partial round number:  10
[1828055561, 0, 0, 0, 0, 0, 0, 0, 0, 0, 0, 0]
Middle partial round number:  11
[1595797207, 0, 0, 0, 0, 0, 0, 0, 0, 0, 0, 0]

 Last full rounds

Round constants:
Last full round number:  0
[1011231461, 347978527, 916314136, 226687142, 469700064, 1575414090, 1028183642, 114257284, 2068368490, 1148934099, 1993701573, 1541845495]
Last full round number:  1
[1402871716, 1003649219, 163322908, 1420858656, 1842706683, 2014823329, 303665391, 1212551081, 284664969, 767683376, 1806619743, 529050859]
Last full round number:  2
[2003257845, 703652000, 967771919, 1000385958, 480052092, 1743541134, 1193710914, 831534872, 1065130364, 517664476, 1852147912, 333190670]
Last full round number:  3
[2053474739, 195308263, 1079800709, 1067789951, 550204113, 1704156362, 1823854240, 939318532, 1455129373, 401005855, 714377001, 1756257121]


 Test Vectors

Input state
  (0, 1, 2, 3, 4, 5, 6, 7, 8, 9, 10, 11)
Output state
  [1352296093, 495013829, 721412628, 551472485, 1402861161, 1099939525, 56806196, 322927204, 1743775127, 1737182096, 1637144312, 482990946]
