+++ R_F = 8, R_P = 22 +++
Begin Poseidon2


 Field Modulus: =  18446744069414584321

 Full Rounds: R_F =  8

 Partial Rounds: R_P=  22

 Alpha =  7

 Full Matrix
[10 14  2  6  5  7  1  3  5  7  1  3]
[ 8 12  2  2  4  6  1  1  4  6  1  1]
[ 2  6 10 14  1  3  5  7  1  3  5  7]
[ 2  2  8 12  1  1  4  6  1  1  4  6]
[ 5  7  1  3 10 14  2  6  5  7  1  3]
[ 4  6  1  1  8 12  2  2  4  6  1  1]
[ 1  3  5  7  2  6 10 14  1  3  5  7]
[ 1  1  4  6  2  2  8 12  1  1  4  6]
[ 5  7  1  3  5  7  1  3 10 14  2  6]
[ 4  6  1  1  4  6  1  1  8 12  2  2]
[ 1  3  5  7  1  3  5  7  2  6 10 14]
[ 1  1  4  6  1  1  4  6  2  2  8 12]

 Partial Matrix
[14102670999874605825                    1                    1                    1                    1                    1                    1                    1                    1                    1                    1                    1]
[                   1 15585654191999307703                    1                    1                    1                    1                    1                    1                    1                    1                    1                    1]
[                   1                    1   940187017142450256                    1                    1                    1                    1                    1                    1                    1                    1                    1]
[                   1                    1                    1  8747386241522630712                    1                    1                    1                    1                    1                    1                    1                    1]
[                   1                    1                    1                    1  6750641561540124748                    1                    1                    1                    1                    1                    1                    1]
[                   1                    1                    1                    1                    1  7440998025584530008                    1                    1                    1                    1                    1                    1]
[                   1                    1                    1                    1                    1                    1  6136358134615751537                    1                    1                    1                    1                    1]
[                   1                    1                    1                    1                    1                    1                    1 12413576830284969612                    1                    1                    1                    1]
[                   1                    1                    1                    1                    1                    1                    1                    1 11675438539028694710                    1                    1                    1]
[                   1                    1                    1                    1                    1                    1                    1                    1                    1 17580553691069642927                    1                    1]
[                   1                    1                    1                    1                    1                    1                    1                    1                    1                    1   892707462476851332                    1]
[                   1                    1                    1                    1                    1                    1                    1                    1                    1                    1                    1 15167485180850043745]

 First full rounds

Round constants:
First full round number:  0
[1431286215153372998, 3509349009260703107, 2289575380984896342, 10625215922958251110, 17137022507167291684, 17143426961497010024, 9589775313463224365, 7736066733515538648, 2217569167061322248, 10394930802584583083, 4612393375016695705, 5332470884919453534]
First full round number:  1
[8724526834049581439, 17673787971454860688, 2519987773101056005, 7999687124137420323, 18312454652563306701, 15136091233824155669, 1257110570403430003, 5665449074466664773, 16178737609685266571, 52855143527893348, 8084454992943870230, 2597062441266647183]
First full round number:  2
[3342624911463171251, 6781356195391537436, 4697929572322733707, 4179687232228901671, 17841073646522133059, 18340176721233187897, 13152929999122219197, 6306257051437840427, 4974451914008050921, 11258703678970285201, 581736081259960204, 18323286026903235604]
First full round number:  3
[10250026231324330997, 13321947507807660157, 13020725208899496943, 11416990495425192684, 7221795794796219413, 2607917872900632985, 2591896057192169329, 10485489452304998145, 9480186048908910015, 2645141845409940474, 16242299839765162610, 12203738590896308135]

 Middle partial rounds

Round constants:
Middle partial round number:  0
[5395176197344543510, 0, 0, 0, 0, 0, 0, 0, 0, 0, 0, 0]
Middle partial round number:  1
[17941136338888340715, 0, 0, 0, 0, 0, 0, 0, 0, 0, 0, 0]
Middle partial round number:  2
[7559392505546762987, 0, 0, 0, 0, 0, 0, 0, 0, 0, 0, 0]
Middle partial round number:  3
[549633128904721280, 0, 0, 0, 0, 0, 0, 0, 0, 0, 0, 0]
Middle partial round number:  4
[15658455328409267684, 0, 0, 0, 0, 0, 0, 0, 0, 0, 0, 0]
Middle partial round number:  5
[10078371877170729592, 0, 0, 0, 0, 0, 0, 0, 0, 0, 0, 0]
Middle partial round number:  6
[2349868247408080783, 0, 0, 0, 0, 0, 0, 0, 0, 0, 0, 0]
Middle partial round number:  7
[13105911261634181239, 0, 0, 0, 0, 0, 0, 0, 0, 0, 0, 0]
Middle partial round number:  8
[12868653202234053626, 0, 0, 0, 0, 0, 0, 0, 0, 0, 0, 0]
Middle partial round number:  9
[9471330315555975806, 0, 0, 0, 0, 0, 0, 0, 0, 0, 0, 0]
Middle partial round number:  10
[4580289636625406680, 0, 0, 0, 0, 0, 0, 0, 0, 0, 0, 0]
Middle partial round number:  11
[13222733136951421572, 0, 0, 0, 0, 0, 0, 0, 0, 0, 0, 0]
Middle partial round number:  12
[4555032575628627551, 0, 0, 0, 0, 0, 0, 0, 0, 0, 0, 0]
Middle partial round number:  13
[7619130111929922899, 0, 0, 0, 0, 0, 0, 0, 0, 0, 0, 0]
Middle partial round number:  14
[4547848507246491777, 0, 0, 0, 0, 0, 0, 0, 0, 0, 0, 0]
Middle partial round number:  15
[5662043532568004632, 0, 0, 0, 0, 0, 0, 0, 0, 0, 0, 0]
Middle partial round number:  16
[15723873049665279492, 0, 0, 0, 0, 0, 0, 0, 0, 0, 0, 0]
Middle partial round number:  17
[13585630674756818185, 0, 0, 0, 0, 0, 0, 0, 0, 0, 0, 0]
Middle partial round number:  18
[6990417929677264473, 0, 0, 0, 0, 0, 0, 0, 0, 0, 0, 0]
Middle partial round number:  19
[6373257983538884779, 0, 0, 0, 0, 0, 0, 0, 0, 0, 0, 0]
Middle partial round number:  20
[1005856792729125863, 0, 0, 0, 0, 0, 0, 0, 0, 0, 0, 0]
Middle partial round number:  21
[17850970025369572891, 0, 0, 0, 0, 0, 0, 0, 0, 0, 0, 0]

 Last full rounds

Round constants:
Last full round number:  0
[14306783492963476045, 12653264875831356889, 10887434669785806501, 7221072982690633460, 9953585853856674407, 13497620366078753434, 18140292631504202243, 17311934738088402529, 6686302214424395771, 11193071888943695519, 10233795775801758543, 3362219552562939863]
Last full round number:  1
[8595401306696186761, 7753411262943026561, 12415218859476220947, 12517451587026875834, 3257008032900598499, 2187469039578904770, 657675168296710415, 8659969869470208989, 12526098871288378639, 12525853395769009329, 15388161689979551704, 7880966905416338909]
Last full round number:  2
[2911694411222711481, 6420652251792580406, 323544930728360053, 11718666476052241225, 2449132068789045592, 17993014181992530560, 15161788952257357966, 3788504801066818367, 1282111773460545571, 8849495164481705550, 8380852402060721190, 2161980224591127360]
Last full round number:  3
[2440151485689245146, 17521895002090134367, 13821005335130766955, 17513705631114265826, 17068447856797239529, 17964439003977043993, 5685000919538239429, 11615940660682589106, 2522854885180605258, 12584118968072796115, 17841258728624635591, 10821564568873127316]


 Test Vectors

Input state
  (0, 1, 2, 3, 4, 5, 6, 7, 8, 9, 10, 11)
Output state
  [138186169299091649, 2237493815125627916, 7098449130000758157, 16681569560651424230, 2885694034573886267, 1987263728465303211, 4895658260063552408, 16782691522897809445, 6250362358359317026, 8723968546836371205, 17025428646788054631, 7660698892044183277]
