+++ R_F = 8, R_P = 10 +++
Begin Poseidon2


 Field Modulus: =  2013265921

 Full Rounds: R_F =  8

 Partial Rounds: R_P=  10

 Alpha =  7

 Full Matrix
[10 14  2  6  5  7  1  3  5  7  1  3]
[ 8 12  2  2  4  6  1  1  4  6  1  1]
[ 2  6 10 14  1  3  5  7  1  3  5  7]
[ 2  2  8 12  1  1  4  6  1  1  4  6]
[ 5  7  1  3 10 14  2  6  5  7  1  3]
[ 4  6  1  1  8 12  2  2  4  6  1  1]
[ 1  3  5  7  2  6 10 14  1  3  5  7]
[ 1  1  4  6  2  2  8 12  1  1  4  6]
[ 5  7  1  3  5  7  1  3 10 14  2  6]
[ 4  6  1  1  4  6  1  1  8 12  2  2]
[ 1  3  5  7  1  3  5  7  2  6 10 14]
[ 1  1  4  6  1  1  4  6  2  2  8 12]

 Partial Matrix
[1558630784          1          1          1          1          1          1          1          1          1          1          1]
[         1  959119624          1          1          1          1          1          1          1          1          1          1]
[         1          1  213717581          1          1          1          1          1          1          1          1          1]
[         1          1          1  116431287          1          1          1          1          1          1          1          1]
[         1          1          1          1 1823730613          1          1          1          1          1          1          1]
[         1          1          1          1          1  909142450          1          1          1          1          1          1]
[         1          1          1          1          1          1 1306819640          1          1          1          1          1]
[         1          1          1          1          1          1          1  112155148          1          1          1          1]
[         1          1          1          1          1          1          1          1 1386218591          1          1          1]
[         1          1          1          1          1          1          1          1          1 1050621966          1          1]
[         1          1          1          1          1          1          1          1          1          1  234406175          1]
[         1          1          1          1          1          1          1          1          1          1          1 1671637382]

 First full rounds

Round constants:
First full round number:  0
[1154726792, 2000767177, 358761054, 1349542539, 1752798352, 74400558, 254690136, 1405718601, 1964793937, 1537129562, 92836848, 232119677]
First full round number:  1
[1277906604, 1515359200, 1734327491, 1946983776, 1271324354, 600156388, 831110540, 298719324, 1757002640, 1729011087, 1883155900, 1896020720]
First full round number:  2
[1466448042, 460093126, 1375010996, 366361014, 1543652809, 1871573947, 1292682027, 1202962571, 422128444, 157429950, 389847875, 624253178]
First full round number:  3
[1920498606, 1204460979, 1143163723, 1330110099, 1930032471, 242291704, 1557112834, 1173900848, 1368000095, 795735385, 1770085736, 658499745]

 Middle partial rounds

Round constants:
Middle partial round number:  0
[1127315299, 0, 0, 0, 0, 0, 0, 0, 0, 0, 0, 0]
Middle partial round number:  1
[1961150622, 0, 0, 0, 0, 0, 0, 0, 0, 0, 0, 0]
Middle partial round number:  2
[1108749182, 0, 0, 0, 0, 0, 0, 0, 0, 0, 0, 0]
Middle partial round number:  3
[782498213, 0, 0, 0, 0, 0, 0, 0, 0, 0, 0, 0]
Middle partial round number:  4
[733154308, 0, 0, 0, 0, 0, 0, 0, 0, 0, 0, 0]
Middle partial round number:  5
[611599476, 0, 0, 0, 0, 0, 0, 0, 0, 0, 0, 0]
Middle partial round number:  6
[1776854027, 0, 0, 0, 0, 0, 0, 0, 0, 0, 0, 0]
Middle partial round number:  7
[1351949424, 0, 0, 0, 0, 0, 0, 0, 0, 0, 0, 0]
Middle partial round number:  8
[1207931327, 0, 0, 0, 0, 0, 0, 0, 0, 0, 0, 0]
Middle partial round number:  9
[1568643270, 0, 0, 0, 0, 0, 0, 0, 0, 0, 0, 0]

 Last full rounds

Round constants:
Last full round number:  0
[734964928, 849489723, 1850426980, 1171624060, 715538192, 1223537517, 1290313977, 419853310, 1955037987, 211107419, 1814371256, 1780154417]
Last full round number:  1
[1724395844, 702905498, 1891947708, 1257201556, 898265108, 126717614, 1097590800, 2010827654, 915770563, 1024613821, 1826896882, 383825888]
Last full round number:  2
[1356739122, 879165096, 497793645, 1559225014, 264977892, 382773354, 733600327, 447429161, 772463115, 1010754486, 979864547, 436135312]
Last full round number:  3
[8716036, 900623141, 1981722493, 248773799, 359356868, 1440904181, 790169589, 875617565, 269877446, 1723042119, 555897056, 1656683052]


 Test Vectors

Input state
  (0, 1, 2, 3, 4, 5, 6, 7, 8, 9, 10, 11)
Output state
  [1540343413, 1605336739, 1201446587, 1251783394, 440826505, 1691696232, 904498569, 1312737773, 1464207073, 133812423, 1144748001, 1160609856]
