+++ R_F = 8, R_P = 14 +++
Begin Poseidon2


 Field Modulus: =  2147483647

 Full Rounds: R_F =  8

 Partial Rounds: R_P=  14

 Alpha =  5

 Full Matrix
[10 14  2  6  5  7  1  3  5  7  1  3  5  7  1  3]
[ 8 12  2  2  4  6  1  1  4  6  1  1  4  6  1  1]
[ 2  6 10 14  1  3  5  7  1  3  5  7  1  3  5  7]
[ 2  2  8 12  1  1  4  6  1  1  4  6  1  1  4  6]
[ 5  7  1  3 10 14  2  6  5  7  1  3  5  7  1  3]
[ 4  6  1  1  8 12  2  2  4  6  1  1  4  6  1  1]
[ 1  3  5  7  2  6 10 14  1  3  5  7  1  3  5  7]
[ 1  1  4  6  2  2  8 12  1  1  4  6  1  1  4  6]
[ 5  7  1  3  5  7  1  3 10 14  2  6  5  7  1  3]
[ 4  6  1  1  4  6  1  1  8 12  2  2  4  6  1  1]
[ 1  3  5  7  1  3  5  7  2  6 10 14  1  3  5  7]
[ 1  1  4  6  1  1  4  6  2  2  8 12  1  1  4  6]
[ 5  7  1  3  5  7  1  3  5  7  1  3 10 14  2  6]
[ 4  6  1  1  4  6  1  1  4  6  1  1  8 12  2  2]
[ 1  3  5  7  1  3  5  7  1  3  5  7  2  6 10 14]
[ 1  1  4  6  1  1  4  6  1  1  4  6  2  2  8 12]

 Partial Matrix
[ 129501893          1          1          1          1          1          1          1          1          1          1          1          1          1          1          1]
[         1 1809435444          1          1          1          1          1          1          1          1          1          1          1          1          1          1]
[         1          1 1223573408          1          1          1          1          1          1          1          1          1          1          1          1          1]
[         1          1          1 1331944730          1          1          1          1          1          1          1          1          1          1          1          1]
[         1          1          1          1  415581876          1          1          1          1          1          1          1          1          1          1          1]
[         1          1          1          1          1 1526242956          1          1          1          1          1          1          1          1          1          1]
[         1          1          1          1          1          1 1341275625          1          1          1          1          1          1          1          1          1]
[         1          1          1          1          1          1          1 1333308151          1          1          1          1          1          1          1          1]
[         1          1          1          1          1          1          1          1 1404946133          1          1          1          1          1          1          1]
[         1          1          1          1          1          1          1          1          1 1549369919          1          1          1          1          1          1]
[         1          1          1          1          1          1          1          1          1          1  709303411          1          1          1          1          1]
[         1          1          1          1          1          1          1          1          1          1          1 1284988538          1          1          1          1]
[         1          1          1          1          1          1          1          1          1          1          1          1 1490838741          1          1          1]
[         1          1          1          1          1          1          1          1          1          1          1          1          1  115945822          1          1]
[         1          1          1          1          1          1          1          1          1          1          1          1          1          1  754131591          1]
[         1          1          1          1          1          1          1          1          1          1          1          1          1          1          1  800486750]

 First full rounds

Round constants:
First full round number:  0
[1988864850, 1893772157, 1025928330, 1839472709, 1611656994, 1104858731, 1694088660, 1564660990, 1991332205, 1875486487, 1890340790, 1658614, 582370530, 528029397, 1196956642, 655401251]
First full round number:  1
[1652877415, 26032894, 1576640243, 1277052539, 1450142396, 697623591, 1401580866, 1568404175, 2145004971, 265835716, 1183985610, 1031234465, 436012490, 172735299, 352802897, 1032863094]
First full round number:  2
[757665783, 1082171296, 1507509996, 309929890, 1807683232, 43258895, 611592566, 1854193793, 575164234, 894217817, 72613857, 1061659596, 8921166, 1617355017, 998001536, 1800758877]
First full round number:  3
[1002748055, 1935405944, 1351462722, 411368491, 1913975372, 1956167178, 442558016, 855898408, 699687798, 1553382248, 1708169125, 490049183, 1251643415, 1193594742, 880473871, 511174042]

 Middle partial rounds

Round constants:
Middle partial round number:  0
[2139014335, 0, 0, 0, 0, 0, 0, 0, 0, 0, 0, 0, 0, 0, 0, 0]
Middle partial round number:  1
[69309039, 0, 0, 0, 0, 0, 0, 0, 0, 0, 0, 0, 0, 0, 0, 0]
Middle partial round number:  2
[1368974953, 0, 0, 0, 0, 0, 0, 0, 0, 0, 0, 0, 0, 0, 0, 0]
Middle partial round number:  3
[886780232, 0, 0, 0, 0, 0, 0, 0, 0, 0, 0, 0, 0, 0, 0, 0]
Middle partial round number:  4
[1130937085, 0, 0, 0, 0, 0, 0, 0, 0, 0, 0, 0, 0, 0, 0, 0]
Middle partial round number:  5
[1718115455, 0, 0, 0, 0, 0, 0, 0, 0, 0, 0, 0, 0, 0, 0, 0]
Middle partial round number:  6
[2027103386, 0, 0, 0, 0, 0, 0, 0, 0, 0, 0, 0, 0, 0, 0, 0]
Middle partial round number:  7
[1612216449, 0, 0, 0, 0, 0, 0, 0, 0, 0, 0, 0, 0, 0, 0, 0]
Middle partial round number:  8
[1994053242, 0, 0, 0, 0, 0, 0, 0, 0, 0, 0, 0, 0, 0, 0, 0]
Middle partial round number:  9
[110146615, 0, 0, 0, 0, 0, 0, 0, 0, 0, 0, 0, 0, 0, 0, 0]
Middle partial round number:  10
[514413329, 0, 0, 0, 0, 0, 0, 0, 0, 0, 0, 0, 0, 0, 0, 0]
Middle partial round number:  11
[1088763546, 0, 0, 0, 0, 0, 0, 0, 0, 0, 0, 0, 0, 0, 0, 0]
Middle partial round number:  12
[955319292, 0, 0, 0, 0, 0, 0, 0, 0, 0, 0, 0, 0, 0, 0, 0]
Middle partial round number:  13
[488794657, 0, 0, 0, 0, 0, 0, 0, 0, 0, 0, 0, 0, 0, 0, 0]

 Last full rounds

Round constants:
Last full round number:  0
[1460209171, 530850056, 398192464, 536338716, 75179210, 1309934197, 1335920373, 127611036, 291093831, 1832379621, 123571662, 303176864, 2137685056, 1759609530, 1418928155, 71608334]
Last full round number:  1
[6616262, 1684515814, 1721194338, 720801691, 878392254, 460379263, 87930647, 940673483, 1136203256, 551499412, 256220454, 2007034235, 796124985, 410436345, 1705042586, 1286336446]
Last full round number:  2
[1522340456, 1295296352, 309794713, 1772145068, 956898901, 2137070800, 988829146, 2059451359, 1846491684, 1105442551, 1236497773, 1452000568, 549485016, 385992492, 1987107948, 1514377269]
Last full round number:  3
[2090065934, 1444920141, 293113979, 41120774, 855319793, 1663284746, 1789994008, 1120509162, 358222743, 1406256810, 735183687, 664485235, 1331641456, 38121324, 595810771, 1234594393]


 Test Vectors

Input state
  (0, 1, 2, 3, 4, 5, 6, 7, 8, 9, 10, 11, 12, 13, 14, 15)
Output state
  [1348310665, 996460804, 2044919169, 1269301599, 615961333, 595876573, 1377780500, 1776267289, 715842585, 1823756332, 1870636634, 1979645732, 311256455, 1364752356, 58674647, 323699327]
