+++ R_F = 8, R_P = 22 +++
Begin Poseidon2


 Field Modulus: =  18446744069414584321

 Full Rounds: R_F =  8

 Partial Rounds: R_P=  22

 Alpha =  7

 Full Matrix
[10 14  2  6  5  7  1  3  5  7  1  3  5  7  1  3]
[ 8 12  2  2  4  6  1  1  4  6  1  1  4  6  1  1]
[ 2  6 10 14  1  3  5  7  1  3  5  7  1  3  5  7]
[ 2  2  8 12  1  1  4  6  1  1  4  6  1  1  4  6]
[ 5  7  1  3 10 14  2  6  5  7  1  3  5  7  1  3]
[ 4  6  1  1  8 12  2  2  4  6  1  1  4  6  1  1]
[ 1  3  5  7  2  6 10 14  1  3  5  7  1  3  5  7]
[ 1  1  4  6  2  2  8 12  1  1  4  6  1  1  4  6]
[ 5  7  1  3  5  7  1  3 10 14  2  6  5  7  1  3]
[ 4  6  1  1  4  6  1  1  8 12  2  2  4  6  1  1]
[ 1  3  5  7  1  3  5  7  2  6 10 14  1  3  5  7]
[ 1  1  4  6  1  1  4  6  2  2  8 12  1  1  4  6]
[ 5  7  1  3  5  7  1  3  5  7  1  3 10 14  2  6]
[ 4  6  1  1  4  6  1  1  4  6  1  1  8 12  2  2]
[ 1  3  5  7  1  3  5  7  1  3  5  7  2  6 10 14]
[ 1  1  4  6  1  1  4  6  1  1  4  6  2  2  8 12]

 Partial Matrix
[16040574633112940481                    1                    1                    1                    1                    1                    1                    1                    1                    1                    1                    1                    1                    1                    1                    1]
[                   1 14263299814608977432                    1                    1                    1                    1                    1                    1                    1                    1                    1                    1                    1                    1                    1                    1]
[                   1                    1   770395855193680982                    1                    1                    1                    1                    1                    1                    1                    1                    1                    1                    1                    1                    1]
[                   1                    1                    1  3459277367440070516                    1                    1                    1                    1                    1                    1                    1                    1                    1                    1                    1                    1]
[                   1                    1                    1                    1 17087697094293314028                    1                    1                    1                    1                    1                    1                    1                    1                    1                    1                    1]
[                   1                    1                    1                    1                    1  6694380135428747349                    1                    1                    1                    1                    1                    1                    1                    1                    1                    1]
[                   1                    1                    1                    1                    1                    1  2034408310088972837                    1                    1                    1                    1                    1                    1                    1                    1                    1]
[                   1                    1                    1                    1                    1                    1                    1  3434575637390274479                    1                    1                    1                    1                    1                    1                    1                    1]
[                   1                    1                    1                    1                    1                    1                    1                    1  6052753985947965969                    1                    1                    1                    1                    1                    1                    1]
[                   1                    1                    1                    1                    1                    1                    1                    1                    1 13608362914817483671                    1                    1                    1                    1                    1                    1]
[                   1                    1                    1                    1                    1                    1                    1                    1                    1                    1 18163707672964630460                    1                    1                    1                    1                    1]
[                   1                    1                    1                    1                    1                    1                    1                    1                    1                    1                    1 14373610220374016705                    1                    1                    1                    1]
[                   1                    1                    1                    1                    1                    1                    1                    1                    1                    1                    1                    1  6226282807566121055                    1                    1                    1]
[                   1                    1                    1                    1                    1                    1                    1                    1                    1                    1                    1                    1                    1  3643354756180461804                    1                    1]
[                   1                    1                    1                    1                    1                    1                    1                    1                    1                    1                    1                    1                    1                    1 13046961313070095544                    1]
[                   1                    1                    1                    1                    1                    1                    1                    1                    1                    1                    1                    1                    1                    1                    1  8594143216561850812]

 First full rounds

Round constants:
First full round number:  0
[1579613653969377219, 15509510893087893340, 10090715174060125222, 5625716564419252202, 3006005019077469174, 18314693207014427912, 10170571510627764565, 2027625550790675754, 3983470257916202094, 3423470109396435354, 3450488264035752368, 3151070045406026687, 13462781804006123550, 13288575772684627216, 13745549378090937523, 7780139165529418388]
First full round number:  1
[11699769881923825909, 4349260652212695338, 8228348357294662898, 12037145371429260559, 7743383997471469184, 7842006993218978420, 18369471830829996810, 10157815501749214163, 11128005290408113568, 12272917402811871099, 106820976709770637, 6178857985076893256, 14036787039817180193, 1659458828486927362, 15938183887757779615, 10060334973073197601]
First full round number:  2
[12437259172286625042, 3143835545170851304, 14361575850007152549, 11810209965918630788, 17667700303515849362, 13451932870729425780, 17496644301504593329, 1778669202480014256, 11124488067381312952, 14273583775934080755, 13257379154210125715, 15182093233826554989, 5343815959848316783, 5696193414571279556, 6089787229781325813, 3717595218375990594]
First full round number:  3
[12355842859741995537, 14160921043125059199, 13682913322779819091, 12343504462597575239, 14249643564311509087, 15849758561085927402, 12186564686511703262, 690520822232718983, 684200944081655198, 6008958449718781068, 3098079696536837500, 12083506578988585239, 6489163969976034646, 1186411428667285248, 11192474480021157091, 17095617549195818058]

 Middle partial rounds

Round constants:
Middle partial round number:  0
[2949845317987848448, 0, 0, 0, 0, 0, 0, 0, 0, 0, 0, 0, 0, 0, 0, 0]
Middle partial round number:  1
[6935557324168256069, 0, 0, 0, 0, 0, 0, 0, 0, 0, 0, 0, 0, 0, 0, 0]
Middle partial round number:  2
[2055390472619727748, 0, 0, 0, 0, 0, 0, 0, 0, 0, 0, 0, 0, 0, 0, 0]
Middle partial round number:  3
[12399309956582731760, 0, 0, 0, 0, 0, 0, 0, 0, 0, 0, 0, 0, 0, 0, 0]
Middle partial round number:  4
[3088058410657255303, 0, 0, 0, 0, 0, 0, 0, 0, 0, 0, 0, 0, 0, 0, 0]
Middle partial round number:  5
[8790959064194804235, 0, 0, 0, 0, 0, 0, 0, 0, 0, 0, 0, 0, 0, 0, 0]
Middle partial round number:  6
[4582664136559626757, 0, 0, 0, 0, 0, 0, 0, 0, 0, 0, 0, 0, 0, 0, 0]
Middle partial round number:  7
[14821962908959377092, 0, 0, 0, 0, 0, 0, 0, 0, 0, 0, 0, 0, 0, 0, 0]
Middle partial round number:  8
[2002685046256118388, 0, 0, 0, 0, 0, 0, 0, 0, 0, 0, 0, 0, 0, 0, 0]
Middle partial round number:  9
[15689593639089632368, 0, 0, 0, 0, 0, 0, 0, 0, 0, 0, 0, 0, 0, 0, 0]
Middle partial round number:  10
[10512046881800463697, 0, 0, 0, 0, 0, 0, 0, 0, 0, 0, 0, 0, 0, 0, 0]
Middle partial round number:  11
[11973738501993105496, 0, 0, 0, 0, 0, 0, 0, 0, 0, 0, 0, 0, 0, 0, 0]
Middle partial round number:  12
[13009070935614847359, 0, 0, 0, 0, 0, 0, 0, 0, 0, 0, 0, 0, 0, 0, 0]
Middle partial round number:  13
[12908033183314664096, 0, 0, 0, 0, 0, 0, 0, 0, 0, 0, 0, 0, 0, 0, 0]
Middle partial round number:  14
[9530849385991780809, 0, 0, 0, 0, 0, 0, 0, 0, 0, 0, 0, 0, 0, 0, 0]
Middle partial round number:  15
[17528314872631229800, 0, 0, 0, 0, 0, 0, 0, 0, 0, 0, 0, 0, 0, 0, 0]
Middle partial round number:  16
[17869527288639567155, 0, 0, 0, 0, 0, 0, 0, 0, 0, 0, 0, 0, 0, 0, 0]
Middle partial round number:  17
[7829055113315023688, 0, 0, 0, 0, 0, 0, 0, 0, 0, 0, 0, 0, 0, 0, 0]
Middle partial round number:  18
[3256047469251174543, 0, 0, 0, 0, 0, 0, 0, 0, 0, 0, 0, 0, 0, 0, 0]
Middle partial round number:  19
[3015723851705964382, 0, 0, 0, 0, 0, 0, 0, 0, 0, 0, 0, 0, 0, 0, 0]
Middle partial round number:  20
[5177282273995529875, 0, 0, 0, 0, 0, 0, 0, 0, 0, 0, 0, 0, 0, 0, 0]
Middle partial round number:  21
[16035152896984012190, 0, 0, 0, 0, 0, 0, 0, 0, 0, 0, 0, 0, 0, 0, 0]

 Last full rounds

Round constants:
Last full round number:  0
[15766898731627159621, 6714370142978148338, 5906664861467821209, 2197120128337974909, 9400421283898153864, 16740473708727660723, 7287335615015370599, 12399217337488717232, 12655834778591227242, 7516917516498792203, 17291898461659961460, 3483661079725019706, 18038566855851505564, 6166154478921479976, 8824538844032254328, 17138720803294251067]
Last full round number:  1
[4158286797471309733, 1589482450994236426, 4836112672767737407, 6108317238076822824, 11174425919404088598, 2755155124184744585, 13202523778257173956, 6643835433125335951, 2748965361441888477, 14297205492001640506, 12595977886586773319, 257624298448087449, 2744326799038764281, 9097808034015176417, 5523099006222423939, 7256201493271212720]
Last full round number:  2
[9738621014989498753, 237412858668409460, 6405904454922718574, 16343835012250148340, 9342245617122491936, 824922755340087111, 5398764608665671277, 16030622638137836774, 4921899302518525668, 10676667276121395674, 16304445044992359788, 587812931475326787, 7627897473303434798, 2633542348821978290, 5714662808802647771, 15665352327749112015]
Last full round number:  3
[8041781683128153420, 13172746155287932121, 6611413049825339003, 9076340683484238287, 12295614633782496176, 11414162089917699064, 13658053783093222498, 16216654076620539925, 17782598995085730495, 18362903988365127450, 11596821426909532371, 13499421621575350806, 15256312875610823807, 1558929959921731273, 17567284148478398281, 4615393526180652407]


 Test Vectors

Input state
  (0, 1, 2, 3, 4, 5, 6, 7, 8, 9, 10, 11, 12, 13, 14, 15)
Output state
  [9639188652563994454, 12273372933164734616, 2905147255612444119, 17581461329934617288, 14390794100096760072, 5468485695976078057, 2832370985856357627, 1116111836864400812, 14997632823506024332, 3976503894892102369, 14874978986912301676, 12458748982184310703, 103345454961107931, 3354965064850558444, 14413825288474057217, 4214638127285300968]
