+++ R_F = 8, R_P = 13 +++
Begin Poseidon2


 Field Modulus: =  2013265921

 Full Rounds: R_F =  8

 Partial Rounds: R_P=  13

 Alpha =  7

 Full Matrix
[10 14  2  6  5  7  1  3  5  7  1  3  5  7  1  3]
[ 8 12  2  2  4  6  1  1  4  6  1  1  4  6  1  1]
[ 2  6 10 14  1  3  5  7  1  3  5  7  1  3  5  7]
[ 2  2  8 12  1  1  4  6  1  1  4  6  1  1  4  6]
[ 5  7  1  3 10 14  2  6  5  7  1  3  5  7  1  3]
[ 4  6  1  1  8 12  2  2  4  6  1  1  4  6  1  1]
[ 1  3  5  7  2  6 10 14  1  3  5  7  1  3  5  7]
[ 1  1  4  6  2  2  8 12  1  1  4  6  1  1  4  6]
[ 5  7  1  3  5  7  1  3 10 14  2  6  5  7  1  3]
[ 4  6  1  1  4  6  1  1  8 12  2  2  4  6  1  1]
[ 1  3  5  7  1  3  5  7  2  6 10 14  1  3  5  7]
[ 1  1  4  6  1  1  4  6  2  2  8 12  1  1  4  6]
[ 5  7  1  3  5  7  1  3  5  7  1  3 10 14  2  6]
[ 4  6  1  1  4  6  1  1  4  6  1  1  8 12  2  2]
[ 1  3  5  7  1  3  5  7  1  3  5  7  2  6 10 14]
[ 1  1  4  6  1  1  4  6  1  1  4  6  2  2  8 12]

 Partial Matrix
[ 174271893          1          1          1          1          1          1          1          1          1          1          1          1          1          1          1]
[         1 1840666552          1          1          1          1          1          1          1          1          1          1          1          1          1          1]
[         1          1 1459346591          1          1          1          1          1          1          1          1          1          1          1          1          1]
[         1          1          1   86719883          1          1          1          1          1          1          1          1          1          1          1          1]
[         1          1          1          1  863261186          1          1          1          1          1          1          1          1          1          1          1]
[         1          1          1          1          1 1543704717          1          1          1          1          1          1          1          1          1          1]
[         1          1          1          1          1          1  199992188          1          1          1          1          1          1          1          1          1]
[         1          1          1          1          1          1          1  629943948          1          1          1          1          1          1          1          1]
[         1          1          1          1          1          1          1          1  302161722          1          1          1          1          1          1          1]
[         1          1          1          1          1          1          1          1          1 1766394319          1          1          1          1          1          1]
[         1          1          1          1          1          1          1          1          1          1 1831016229          1          1          1          1          1]
[         1          1          1          1          1          1          1          1          1          1          1  566473251          1          1          1          1]
[         1          1          1          1          1          1          1          1          1          1          1          1 1007223974          1          1          1]
[         1          1          1          1          1          1          1          1          1          1          1          1          1   30846171          1          1]
[         1          1          1          1          1          1          1          1          1          1          1          1          1          1  661675140          1]
[         1          1          1          1          1          1          1          1          1          1          1          1          1          1          1 1378994179]

 First full rounds

Round constants:
First full round number:  0
[1774958255, 1185780729, 1621102414, 1796380621, 588815102, 1932426223, 1925334750, 747903232, 89648862, 360728943, 977184635, 1425273457, 256487465, 1200041953, 572403254, 448208942]
First full round number:  1
[1215789478, 944884184, 953948096, 547326025, 646827752, 889997530, 1536873262, 86189867, 1065944411, 32019634, 333311454, 456061748, 1963448500, 1827584334, 1391160226, 1348741381]
First full round number:  2
[88424255, 104111868, 1763866748, 79691676, 1988915530, 1050669594, 359890076, 573163527, 222820492, 159256268, 669703072, 763177444, 889367200, 256335831, 704371273, 25886717]
First full round number:  3
[51754520, 1833211857, 454499742, 1384520381, 777848065, 1053320300, 1851729162, 344647910, 401996362, 1046925956, 5351995, 1212119315, 754867989, 36972490, 751272725, 506915399]

 Middle partial rounds

Round constants:
Middle partial round number:  0
[1518359488, 0, 0, 0, 0, 0, 0, 0, 0, 0, 0, 0, 0, 0, 0, 0]
Middle partial round number:  1
[1765533241, 0, 0, 0, 0, 0, 0, 0, 0, 0, 0, 0, 0, 0, 0, 0]
Middle partial round number:  2
[945325693, 0, 0, 0, 0, 0, 0, 0, 0, 0, 0, 0, 0, 0, 0, 0]
Middle partial round number:  3
[422793067, 0, 0, 0, 0, 0, 0, 0, 0, 0, 0, 0, 0, 0, 0, 0]
Middle partial round number:  4
[311365592, 0, 0, 0, 0, 0, 0, 0, 0, 0, 0, 0, 0, 0, 0, 0]
Middle partial round number:  5
[1311448267, 0, 0, 0, 0, 0, 0, 0, 0, 0, 0, 0, 0, 0, 0, 0]
Middle partial round number:  6
[1629555936, 0, 0, 0, 0, 0, 0, 0, 0, 0, 0, 0, 0, 0, 0, 0]
Middle partial round number:  7
[1009879353, 0, 0, 0, 0, 0, 0, 0, 0, 0, 0, 0, 0, 0, 0, 0]
Middle partial round number:  8
[190525218, 0, 0, 0, 0, 0, 0, 0, 0, 0, 0, 0, 0, 0, 0, 0]
Middle partial round number:  9
[786108885, 0, 0, 0, 0, 0, 0, 0, 0, 0, 0, 0, 0, 0, 0, 0]
Middle partial round number:  10
[557776863, 0, 0, 0, 0, 0, 0, 0, 0, 0, 0, 0, 0, 0, 0, 0]
Middle partial round number:  11
[212616710, 0, 0, 0, 0, 0, 0, 0, 0, 0, 0, 0, 0, 0, 0, 0]
Middle partial round number:  12
[605745517, 0, 0, 0, 0, 0, 0, 0, 0, 0, 0, 0, 0, 0, 0, 0]

 Last full rounds

Round constants:
Last full round number:  0
[1922082829, 1870549801, 1502529704, 1990744480, 1700391016, 1702593455, 321330495, 528965731, 183414327, 1886297254, 1178602734, 1923111974, 744004766, 549271463, 1781349648, 542259047]
Last full round number:  1
[1536158148, 715456982, 503426110, 340311124, 1558555932, 1226350925, 742828095, 1338992758, 1641600456, 1843351545, 301835475, 43203215, 386838401, 1520185679, 1235297680, 904680097]
Last full round number:  2
[1491801617, 1581784677, 913384905, 247083962, 532844013, 107190701, 213827818, 1979521776, 1358282574, 1681743681, 1867507480, 1530706910, 507181886, 695185447, 1172395131, 1250800299]
Last full round number:  3
[1503161625, 817684387, 498481458, 494676004, 1404253825, 108246855, 59414691, 744214112, 890862029, 1342765939, 1417398904, 1897591937, 1066647396, 1682806907, 1015795079, 1619482808]


 Test Vectors

Input state
  (0, 1, 2, 3, 4, 5, 6, 7, 8, 9, 10, 11, 12, 13, 14, 15)
Output state
  [896560466, 771677727, 128113032, 1378976435, 160019712, 1452738514, 682850273, 223500421, 501450187, 1804685789, 1671399593, 1788755219, 1736880027, 1352180784, 1928489698, 1128802977]
