+++ R_F = 8, R_P = 37 +++
Begin Poseidon2


 Field Modulus: =  8444461749428370424248824938781546531375899335154063827935233455917409239041

 Full Rounds: R_F =  8

 Partial Rounds: R_P=  37

 Alpha =  11

 Full Matrix
[10 14  2  6  5  7  1  3]
[ 8 12  2  2  4  6  1  1]
[ 2  6 10 14  1  3  5  7]
[ 2  2  8 12  1  1  4  6]
[ 5  7  1  3 10 14  2  6]
[ 4  6  1  1  8 12  2  2]
[ 1  3  5  7  2  6 10 14]
[ 1  1  4  6  2  2  8 12]

 Partial Matrix
[3815616594165638360332791931494019410026955320773312091587227706259200467353                                                                            1                                                                            1                                                                            1                                                                            1                                                                            1                                                                            1                                                                            1]
[                                                                           1 5738355902484179616602933270710631380659451301664918448452643445358375637036                                                                            1                                                                            1                                                                            1                                                                            1                                                                            1                                                                            1]
[                                                                           1                                                                            1 1466367266455857769758109839899379193351943191089568265731749157902375076665                                                                            1                                                                            1                                                                            1                                                                            1                                                                            1]
[                                                                           1                                                                            1                                                                            1 3630799701937506167637025161752574208051860578844751303256250646088220307842                                                                            1                                                                            1                                                                            1                                                                            1]
[                                                                           1                                                                            1                                                                            1                                                                            1 1211810512663147574826480142933932816299644224612184716297196267633639955040                                                                            1                                                                            1                                                                            1]
[                                                                           1                                                                            1                                                                            1                                                                            1                                                                            1 8122187547876155265113039344936973993552845725542418411722783436457547436913                                                                            1                                                                            1]
[                                                                           1                                                                            1                                                                            1                                                                            1                                                                            1                                                                            1 2018107996772002605194396172016419137510407471617581122942214524999001154887                                                                            1]
[                                                                           1                                                                            1                                                                            1                                                                            1                                                                            1                                                                            1                                                                            1 1530928941828451775862452532993895249052246707276598063598391525173489559057]

 First full rounds

Round constants:
First full round number:  0
[5543885194303942165796777178379504485534870699434979688839636924684357659165, 3664009829585687181637975211690953334987659166587053302540808803205804316622, 5963133706365461713562472011287213342327358614350613894624534046180889588839, 6351747081582303825143628877474497187224036219947251226314375864759510756161, 1504351998385685914245131426977685292950266470814594686107800416768266532377, 6406959412534850560552856136319626264177398270237333460255686897319502360555, 1176849526848803114471661449102192646030185919348817025025473004804398215110, 8128192863687857433538574966135216872010141614699573647206923147191288532540]
First full round number:  1
[1521392493581154258406112206506357161928509767707694692097554086662979231592, 2165812047986071558673100502764819473348875213242051927104653482899780015452, 6216540303763174170153779978534298225754493891303000686748095453904104430416, 7919856683329594381275528916504221792038245695186247787583665856845709015675, 1517796573628119248051102918041913115829467086643248227933022434692987084044, 7793892558583003839071822490305952192724716306731127726385976634563859832578, 7309643505618329100925621051290589617718911366204266865843929229601299014751, 3297671714735501571954155851636054107968590670674149920804260991725670791735]
First full round number:  2
[2625922284224894022817744914363163960175168512081133556977756293075344597272, 2345644037575449148071905451061864282475407545394312745016939074555848653343, 8385321647093104015031306353592043592567984239373078807194283456600496951604, 2647643926456657138555771730224512657767691573820279039831101648947012050763, 2655115307806431420335878389854747374468441855504439557882890363767616021635, 4487629124922579608830869679460974320570966493749683733073552432044254630298, 2080633819336180829634832158537490118459856250158137638888091937383770234096, 6817072540563583551562512595538447702686542528433537377152284315331134320709]
First full round number:  3
[5695871039720417449183513560220137290275503156660497475427038318774286116190, 2824955760100760059144457948189873468631301074777063145797121140753775186411, 8248847842035201947394726470374634756076409175016538693076377156797284816433, 4497257203524433050081611370554557484410051589753935113662508104674520302780, 1800453967735950025572973391913155054497643163487662001327789168200539360518, 6558119228424810468340388726531938253654250038592271552924032490220344713332, 7055186871388563376934860463872734518836553545439952269747682961361702668621, 3226534910566731413523707475845748304549993562649292363835257414895855324469]

 Middle partial rounds

Round constants:
Middle partial round number:  0
[3639487944858219963358183267365440935439754500387663644124376418872985430714, 0, 0, 0, 0, 0, 0, 0]
Middle partial round number:  1
[2887133301343905867836694851151073966188256110316803702273603456742795758117, 0, 0, 0, 0, 0, 0, 0]
Middle partial round number:  2
[7375289330654376563073505728227000678936210916476394715244294095533809863739, 0, 0, 0, 0, 0, 0, 0]
Middle partial round number:  3
[1618661170949663040987620505495360818437330453680621343568811701400173409001, 0, 0, 0, 0, 0, 0, 0]
Middle partial round number:  4
[4024749143924080058808047575002778878243994632045239079476992926545958244015, 0, 0, 0, 0, 0, 0, 0]
Middle partial round number:  5
[3267201826230819370876712680725004555544809656845728647264128939004878764834, 0, 0, 0, 0, 0, 0, 0]
Middle partial round number:  6
[2625792544327803045483134059089303232018466982504065792732153894101710657583, 0, 0, 0, 0, 0, 0, 0]
Middle partial round number:  7
[5202936802925707990356338251766882585036347818439470735322864732561767427312, 0, 0, 0, 0, 0, 0, 0]
Middle partial round number:  8
[786409051722239265739144410241217891079558574247282206480152046109856763658, 0, 0, 0, 0, 0, 0, 0]
Middle partial round number:  9
[5989762829128019981553463345149014690813151229938772368202528230548874474994, 0, 0, 0, 0, 0, 0, 0]
Middle partial round number:  10
[1151875090627837247855312727224724135586636555626753358529074955075691094324, 0, 0, 0, 0, 0, 0, 0]
Middle partial round number:  11
[8246030059247830003962239875563498593040304758817370604991178629199678675191, 0, 0, 0, 0, 0, 0, 0]
Middle partial round number:  12
[3750164698007089969780293144257723161416163236499156913052400763860779432610, 0, 0, 0, 0, 0, 0, 0]
Middle partial round number:  13
[235850952905466569011740050940271751347750298063001488226488934977653003707, 0, 0, 0, 0, 0, 0, 0]
Middle partial round number:  14
[6347564331734258524443084096954783163194225874459421208985107200148855509297, 0, 0, 0, 0, 0, 0, 0]
Middle partial round number:  15
[6927109771114977979618730240613534804131006146226618984634809820996121411423, 0, 0, 0, 0, 0, 0, 0]
Middle partial round number:  16
[2573987309212817501991195025430245231071206991669682844878634094057191710266, 0, 0, 0, 0, 0, 0, 0]
Middle partial round number:  17
[1213112825567128738240052951850070443279454110531907554096477943737628891897, 0, 0, 0, 0, 0, 0, 0]
Middle partial round number:  18
[6684450365934424022956372667333964384838833645960238557856330270848535015338, 0, 0, 0, 0, 0, 0, 0]
Middle partial round number:  19
[1127917157289660615882329894661774408391859363276547112200374021694838301036, 0, 0, 0, 0, 0, 0, 0]
Middle partial round number:  20
[4354370885063920574102127856469552589898588643854322545043159649307605167461, 0, 0, 0, 0, 0, 0, 0]
Middle partial round number:  21
[2618445598705541533696546456998732254285294302129502668795534927924666887394, 0, 0, 0, 0, 0, 0, 0]
Middle partial round number:  22
[6689377790719894752518000329640409727749471357848578631546919536323462376156, 0, 0, 0, 0, 0, 0, 0]
Middle partial round number:  23
[6228582602242421609279978787311467917726655845517745569212763252012197713254, 0, 0, 0, 0, 0, 0, 0]
Middle partial round number:  24
[6802615627346352894421860246600266622190317147857441377254446629851296837362, 0, 0, 0, 0, 0, 0, 0]
Middle partial round number:  25
[3001596769764775746037332224702173121328564013460382265036009162418342177800, 0, 0, 0, 0, 0, 0, 0]
Middle partial round number:  26
[8097244439110810582018746954727751422909139958356636401922154649762244408737, 0, 0, 0, 0, 0, 0, 0]
Middle partial round number:  27
[4056681341456656442247803861873519621356846134708147869608639660824627448120, 0, 0, 0, 0, 0, 0, 0]
Middle partial round number:  28
[3925143167066966416979329978739011907630262770117699857582941301130672868665, 0, 0, 0, 0, 0, 0, 0]
Middle partial round number:  29
[7014780611222825527996987388368954602355882850061406195043494791691477379812, 0, 0, 0, 0, 0, 0, 0]
Middle partial round number:  30
[5101577106156238621889174815543003813958419898335635532532539574096890720410, 0, 0, 0, 0, 0, 0, 0]
Middle partial round number:  31
[3689993876099426631889521230640182978846444493602369518966952130171318039119, 0, 0, 0, 0, 0, 0, 0]
Middle partial round number:  32
[3687895183523949097646907700589335406019337672585612228041128240179023954475, 0, 0, 0, 0, 0, 0, 0]
Middle partial round number:  33
[5041827153996732294980681270892717095498275323948736960541854409838814716526, 0, 0, 0, 0, 0, 0, 0]
Middle partial round number:  34
[3489410460745169916159580757625380527134347247790540815583346304278946039986, 0, 0, 0, 0, 0, 0, 0]
Middle partial round number:  35
[7494427871262126258446155979407315874860604333121698824914051410000686428144, 0, 0, 0, 0, 0, 0, 0]
Middle partial round number:  36
[3296118538099958436701082279813117942501606624608643878013542797938174339896, 0, 0, 0, 0, 0, 0, 0]

 Last full rounds

Round constants:
Last full round number:  0
[829810497469763510871077200913298921989199003760190794459946343670588674035, 3253217919739337352496505736723712352081787640365339479309661275313966705010, 6462802011885992621848958908726050480713724208845794903793667305511061245680, 6758116195517134421379125992105797970141019382141936264859424528773382467795, 734345850477110556460889643253820891653815649578402577812690630888569281276, 4314321142617480261091520390844507490762493582186357244556326540315487007370, 244813120740253574981355216952318085165175942313917810292229663619566122915, 3070516454100650836487971792886864706916338218024383822873630221696105038751]
Last full round number:  1
[8026842995040451493328012320693051044893034694197384699232558573396148567886, 5492775469396551972756873818943234174448452848914722652573822551792146417011, 2017842237358414568071569192895318907325508586912070986647185098694685596534, 5761433848754816546479597324827569827569432369947660315130649239130262454999, 7725284821271194053195444981157609921031678996902386008130971141652743868096, 183147532754734591492660626916213851307936081477342928780703974434096597540, 4764147256190942895745928981178376435653597547686414637768140091398166104034, 438833385461488796350988532968876081220696895466494628233420982275658691533]
Last full round number:  2
[7260795843382754259824350068401635171100750076864744928840487594432335180596, 8306980010764390801738506301673138456937062984099810543721246606003906321686, 5200986819112978016537285477792067702782570288093894252083359996699762339918, 7901902171967537993219809754607106749827419419688103694444677708357585825235, 833168327303541969464200974499365575448277941357616407683672592052113939620, 2382197835431947021741391837121876806617204257446724370489348954615594679298, 7029795330079465121587980221746089690825680768958602611361290077553457159698, 2481305023918371412701464065603201338239834315966779889587389062095972856400]
Last full round number:  3
[1900176298025553263754478014318660615111383780390299865786131811910783417071, 5496027444778684834413951235079103153949693627870774812483871917732984072423, 5718474315476113025220636953104116063213731369814828190061593250081386793202, 2968588474018152330349408331587857017219575091216479803389429281399633237548, 1827528425964762865779966571966214370615950600010000067047990038154872263276, 5632303569017522501666760440524411070164972318013352697357450305446981991438, 1466322056839710621800348476246316696621195985696559232828383564227452161929, 2063472692499150027671083363812123350916610103776095944068252050574580711790]


 Test Vectors

Input state
  (0, 1, 2, 3, 4, 5, 6, 7)
Output state
  [2404823076476764590194094689225777667058023363620028446248179909523064603954, 1595411812830654172878080749124430283127264382682819371617538620231675508896, 3940759814873672891650753247871050909117987846109299023354457909575560792248, 5682427249593039822029508652335797976030864319436134335716343720198828940751, 430366899701861149597992150340580892080694117778292273182285604442211136140, 1116154004698898386796139093104900090983053538240607954788763573450102610858, 1156156335814706726549962970357605258478166532827385165483495183400372629230, 1372046849917365818031022879523663284803522609038042883160505259816385427856]
