+++ R_F = 8, R_P = 22 +++
Begin Poseidon2


 Field Modulus: =  18446744069414584321

 Full Rounds: R_F =  8

 Partial Rounds: R_P=  22

 Alpha =  7

 Full Matrix
[10 14  2  6  5  7  1  3]
[ 8 12  2  2  4  6  1  1]
[ 2  6 10 14  1  3  5  7]
[ 2  2  8 12  1  1  4  6]
[ 5  7  1  3 10 14  2  6]
[ 4  6  1  1  8 12  2  2]
[ 1  3  5  7  2  6 10 14]
[ 1  1  4  6  2  2  8 12]

 Partial Matrix
[12216033376705242022                    1                    1                    1                    1                    1                    1                    1]
[                   1  2072934925475504801                    1                    1                    1                    1                    1                    1]
[                   1                    1 16432743296706583079                    1                    1                    1                    1                    1]
[                   1                    1                    1  1287600597097751716                    1                    1                    1                    1]
[                   1                    1                    1                    1 10482065724875379357                    1                    1                    1]
[                   1                    1                    1                    1                    1  3057917794534811538                    1                    1]
[                   1                    1                    1                    1                    1                    1  4460508886913832366                    1]
[                   1                    1                    1                    1                    1                    1                    1  4574242228824269567]

 First full rounds

Round constants:
First full round number:  0
[15949291268843349465, 14644164809401934923, 18420360874837380316, 4756469047455716334, 8685499049481102115, 3799221349720045367, 13676397835037157930, 6566439050423619635]
First full round number:  1
[17428268347612331188, 2833135872454503769, 4767009016213040191, 2797635963551733652, 5312339450141126694, 5356668452102813289, 1234059326449530173, 7724302552453704877]
First full round number:  2
[14868588146468890290, 12825281145595371185, 13097885453579304196, 7905326782341128063, 14167525334039893569, 2082169701994688927, 12190787523818595537, 12602917751946636]
First full round number:  3
[14890907856876319003, 16552240149997473409, 5634093690795187558, 4883714163685656967, 12440776365164557866, 3923800234666204307, 9858064884105950259, 16040043470428402038]

 Middle partial rounds

Round constants:
Middle partial round number:  0
[5226594323142090582, 0, 0, 0, 0, 0, 0, 0]
Middle partial round number:  1
[1243120476974621208, 0, 0, 0, 0, 0, 0, 0]
Middle partial round number:  2
[12100812801659301173, 0, 0, 0, 0, 0, 0, 0]
Middle partial round number:  3
[11228203327983058121, 0, 0, 0, 0, 0, 0, 0]
Middle partial round number:  4
[13891617888374767564, 0, 0, 0, 0, 0, 0, 0]
Middle partial round number:  5
[5742893160230537107, 0, 0, 0, 0, 0, 0, 0]
Middle partial round number:  6
[3763472116988983643, 0, 0, 0, 0, 0, 0, 0]
Middle partial round number:  7
[2466655769425769160, 0, 0, 0, 0, 0, 0, 0]
Middle partial round number:  8
[6254574254498162968, 0, 0, 0, 0, 0, 0, 0]
Middle partial round number:  9
[14183251225809189357, 0, 0, 0, 0, 0, 0, 0]
Middle partial round number:  10
[11565357354521717084, 0, 0, 0, 0, 0, 0, 0]
Middle partial round number:  11
[17300657704266685688, 0, 0, 0, 0, 0, 0, 0]
Middle partial round number:  12
[310485250821938281, 0, 0, 0, 0, 0, 0, 0]
Middle partial round number:  13
[16853586468012618118, 0, 0, 0, 0, 0, 0, 0]
Middle partial round number:  14
[1978800426240373849, 0, 0, 0, 0, 0, 0, 0]
Middle partial round number:  15
[6948188224235462572, 0, 0, 0, 0, 0, 0, 0]
Middle partial round number:  16
[1486402152218690509, 0, 0, 0, 0, 0, 0, 0]
Middle partial round number:  17
[5669161690283398991, 0, 0, 0, 0, 0, 0, 0]
Middle partial round number:  18
[17943970877073781734, 0, 0, 0, 0, 0, 0, 0]
Middle partial round number:  19
[17926851897715769433, 0, 0, 0, 0, 0, 0, 0]
Middle partial round number:  20
[13052837496695000666, 0, 0, 0, 0, 0, 0, 0]
Middle partial round number:  21
[18138113741095562305, 0, 0, 0, 0, 0, 0, 0]

 Last full rounds

Round constants:
Last full round number:  0
[94277733998400326, 10891359798487446420, 18280773820738154043, 13714589910668449566, 10639034072771185213, 14148790895768484219, 18341268649720100165, 3096672942770686236]
Last full round number:  1
[12277596046563557393, 400461754528604020, 12955488253560265444, 11773677676764285572, 4833837465239476573, 17645852643693996619, 6605134696140007471, 588040525114200273]
Last full round number:  2
[11001741536026769411, 17917086578469406776, 14893530806420712543, 727997185253761138, 3443873847340254325, 13095911531247069692, 8330737046680948619, 6014364575875986011]
Last full round number:  3
[16851679856681761121, 17817965496543149594, 12823640325246269760, 13685256787930775147, 4682652317564502291, 4233879762155685988, 11097258179564187322, 10804761421745472094]


 Test Vectors

Input state
  (0, 1, 2, 3, 4, 5, 6, 7)
Output state
  [14266028122062624699, 5353147180106052723, 15203350112844181434, 17630919042639565165, 16601551015858213987, 10184091939013874068, 16774100645754596496, 12047415603622314780]
