+++ R_F = 8, R_P = 84 +++
Begin Poseidon2


 Field Modulus: =  3618502788666131213697322783095070105623107215331596699973092056135872020481

 Full Rounds: R_F =  8

 Partial Rounds: R_P=  84

 Alpha =  3

 Full Matrix
[10 14  2  6  5  7  1  3]
[ 8 12  2  2  4  6  1  1]
[ 2  6 10 14  1  3  5  7]
[ 2  2  8 12  1  1  4  6]
[ 5  7  1  3 10 14  2  6]
[ 4  6  1  1  8 12  2  2]
[ 1  3  5  7  2  6 10 14]
[ 1  1  4  6  2  2  8 12]

 Partial Matrix
[2076523604938984404122520591697962019953582439451543894183616443014034742819                                                                            1                                                                            1                                                                            1                                                                            1                                                                            1                                                                            1                                                                            1]
[                                                                           1 3598983554191617831803558104843747057932034358004306287889791288786487111814                                                                            1                                                                            1                                                                            1                                                                            1                                                                            1                                                                            1]
[                                                                           1                                                                            1 2106642297932633341688567288357553067566052018228741428802152196275558549095                                                                            1                                                                            1                                                                            1                                                                            1                                                                            1]
[                                                                           1                                                                            1                                                                            1  879122533542837245967185630238284706293008669132266566847545889174863958642                                                                            1                                                                            1                                                                            1                                                                            1]
[                                                                           1                                                                            1                                                                            1                                                                            1 2151345923123545825308000270456259268427417730547039541557251240423748006197                                                                            1                                                                            1                                                                            1]
[                                                                           1                                                                            1                                                                            1                                                                            1                                                                            1  715621553605953823343611946605381416212160142089821404601165199331317068639                                                                            1                                                                            1]
[                                                                           1                                                                            1                                                                            1                                                                            1                                                                            1                                                                            1 2827295881665041937296742204711415853308251443658247273889156038593335513129                                                                            1]
[                                                                           1                                                                            1                                                                            1                                                                            1                                                                            1                                                                            1                                                                            1 3144238594838405093625689458663200864704678282573625634966771397300040188123]

 First full rounds

Round constants:
First full round number:  0
[841208267807384101267073081703774302550146654757744500967817794864431303430, 2938870273671096710180099257220336528024461988610893942978278090747821788926, 401918847908180969320406052186075956744561137794355264285427646377546092603, 74475545253147566863816812830631950741038038920842333444729459789676273456, 1544005013355511412325314655497284094819574823821178494970259017661329004427, 1198589425576927987880928667976511660713316688936103262709975321369331944685, 1867419886136389171315656367152034023642757689610932283622866515516912150636, 2387703988562591805443748804060874675033339266779146709061225891397659792590]
First full round number:  1
[1004151716214210422754297025257050248934021733335876127661318181790850036628, 660609304474074552934045987041518541202778852673240799476314863830723109399, 2547911053465795790011541426851591630036735265050697625014970370712556337551, 641132407110283167711073753932697782419335908966163317055035109398726037902, 2879412021016974253786392269832588829820789489728841237942252481856856721547, 3425210906507110370688216497938049031037693749193487479961473680215246185160, 700017482107406721293175207744005887407196907476757781788336282575377930915, 327328483704851322287353729302387835643794642430802232140068841235950817419]
First full round number:  2
[2914932593110449613384916040450456626528643656523761197262127755611975183895, 2904518564686517165785192992161176050585302072420355175606072284033902022266, 536496343034703590014662374412157854278021776961385643228978623210134949709, 2689147521214382172610798571080562494546291781286466117517869478671856937150, 2550849040027389723573655293790588670169037863817751359508058772089749117842, 2362001019995887073843357741500726693926460904719899689389633752618184924888, 1015453848918247833880922065328117470374717550980213325335807424044446788855, 1476054527102219147535657629331543352665037870691068193990222460135497820906]
First full round number:  3
[1871913220362890296604462109039281409197378734376926233908584110219698416180, 1118681396960970075147784220078506786103068480039538783098283903189838008926, 1549730516359536348420218777936979653922218983670991068854241376839605925482, 123357275913351926726651190655582357860789978365640300570223223271987837252, 3270733621832555139706767202147897752517721408175565750819223238828886542336, 3418234877501914849797393119076882791882647443005253556066680735714838966040, 461676318267757289437007761577795508647458500347514326234867043469713373221, 1954263104090656180880346693197593055607144876508262386302050400647059045828]

 Middle partial rounds

Round constants:
Middle partial round number:  0
[3535872946953270924658834091471228409531952252346820289093848320835540532126, 0, 0, 0, 0, 0, 0, 0]
Middle partial round number:  1
[3365325752199359439233000644206814518822065804996331409502984088613914675235, 0, 0, 0, 0, 0, 0, 0]
Middle partial round number:  2
[1410330716187753217705348796127210411950877528600168151519588419503650445928, 0, 0, 0, 0, 0, 0, 0]
Middle partial round number:  3
[202268233506322240833091983492907584471698650983756391835027347083636038566, 0, 0, 0, 0, 0, 0, 0]
Middle partial round number:  4
[770496792144034375020976875996757926860774923906411651610821250348640375703, 0, 0, 0, 0, 0, 0, 0]
Middle partial round number:  5
[1904203406247371014066284724602181015467906886912181956585299122953133255419, 0, 0, 0, 0, 0, 0, 0]
Middle partial round number:  6
[774227219249453178318197172514919711793600092722218427544898848441708431931, 0, 0, 0, 0, 0, 0, 0]
Middle partial round number:  7
[2903192855018117191413700305378331533492769197887287094010502132517689261781, 0, 0, 0, 0, 0, 0, 0]
Middle partial round number:  8
[846953642697140847162083330167435415744595719799295315773706920434697353767, 0, 0, 0, 0, 0, 0, 0]
Middle partial round number:  9
[2725321339189728057664940764257699445220005457875007409268908559557013887562, 0, 0, 0, 0, 0, 0, 0]
Middle partial round number:  10
[3293516221643203098059557029149192460842295052401165564035107748077969243576, 0, 0, 0, 0, 0, 0, 0]
Middle partial round number:  11
[2857471390822935393862673782140503435312901685928839028322647734956225814922, 0, 0, 0, 0, 0, 0, 0]
Middle partial round number:  12
[3455578341694601603479058891109243559160079300128520901272047113234286684150, 0, 0, 0, 0, 0, 0, 0]
Middle partial round number:  13
[3238006831969633923458691495116991360469186968467150965709713418983131612325, 0, 0, 0, 0, 0, 0, 0]
Middle partial round number:  14
[305523492225598922107814836594872378986873276828275408182604142432597008282, 0, 0, 0, 0, 0, 0, 0]
Middle partial round number:  15
[2721576632695255921175122010383354778352083216419174552681130682033943514375, 0, 0, 0, 0, 0, 0, 0]
Middle partial round number:  16
[1290143024165077150539276598088899541919853086746909527234021123759293777237, 0, 0, 0, 0, 0, 0, 0]
Middle partial round number:  17
[2257464578469260896412684483649870758837783229548627101401558442013992422115, 0, 0, 0, 0, 0, 0, 0]
Middle partial round number:  18
[497455008160617215378029410048141004006640953829292919476642154924435696310, 0, 0, 0, 0, 0, 0, 0]
Middle partial round number:  19
[1771080451138560822032780057323357581392200191647829046781149645856364764647, 0, 0, 0, 0, 0, 0, 0]
Middle partial round number:  20
[3403331120189675853667981125772836913761464840926177975182422733196235050149, 0, 0, 0, 0, 0, 0, 0]
Middle partial round number:  21
[137736069321687109052771908892359797349991025619792611012039537883140756062, 0, 0, 0, 0, 0, 0, 0]
Middle partial round number:  22
[3576086794389063802298825577125402358414213672251298823099052820748644842169, 0, 0, 0, 0, 0, 0, 0]
Middle partial round number:  23
[158719228957357841906950936976686121503861478245178590105109862699433052522, 0, 0, 0, 0, 0, 0, 0]
Middle partial round number:  24
[1786315442826514826026171060404734431794639299159085999450310605767034304184, 0, 0, 0, 0, 0, 0, 0]
Middle partial round number:  25
[2180241780201544997337170622365512652001758943509833776263001957383542259589, 0, 0, 0, 0, 0, 0, 0]
Middle partial round number:  26
[3590074020923513478001305422584352073265623415764177678116615515396906401531, 0, 0, 0, 0, 0, 0, 0]
Middle partial round number:  27
[1322300250300554849114752870423354939527792558050184579136619952999939060350, 0, 0, 0, 0, 0, 0, 0]
Middle partial round number:  28
[2075631777613532295996825287134408935270682481511957336671306615572528622678, 0, 0, 0, 0, 0, 0, 0]
Middle partial round number:  29
[3259843146479268013447461957084037982251397224353665181292971521164196705072, 0, 0, 0, 0, 0, 0, 0]
Middle partial round number:  30
[3437778207267596055297099282128316075797427471801895195288540300893217531736, 0, 0, 0, 0, 0, 0, 0]
Middle partial round number:  31
[771551247189889474521819908500115793806667334591364716353704218161953726193, 0, 0, 0, 0, 0, 0, 0]
Middle partial round number:  32
[3189451475474641248989935018644155661591059768376854120893684662922282833786, 0, 0, 0, 0, 0, 0, 0]
Middle partial round number:  33
[2957769503594842467187662043309160110961247024462119964121009316386468919328, 0, 0, 0, 0, 0, 0, 0]
Middle partial round number:  34
[1981262425336067695097574988042422418501002148946590521174424908259265441437, 0, 0, 0, 0, 0, 0, 0]
Middle partial round number:  35
[3194072842304159464674184705924797130306231314874089992204618700721106903594, 0, 0, 0, 0, 0, 0, 0]
Middle partial round number:  36
[257230222037572515380622903856304817649655331734426994922978924738578396148, 0, 0, 0, 0, 0, 0, 0]
Middle partial round number:  37
[1512193547802870864644873232200242511491855806683251676394512113735637618027, 0, 0, 0, 0, 0, 0, 0]
Middle partial round number:  38
[1997911181159703159287081301372109388144835452285884881224144301992038910584, 0, 0, 0, 0, 0, 0, 0]
Middle partial round number:  39
[38571657074563105858168024246877579450383432100189842229383577941028652578, 0, 0, 0, 0, 0, 0, 0]
Middle partial round number:  40
[3022506591175077061398521445420799976809420199143723737413166934677379252866, 0, 0, 0, 0, 0, 0, 0]
Middle partial round number:  41
[91712980394123685410838312410755530389953529190447163041066579437091918592, 0, 0, 0, 0, 0, 0, 0]
Middle partial round number:  42
[78599876703892980661590521484993756026991162565553546868469089719080689577, 0, 0, 0, 0, 0, 0, 0]
Middle partial round number:  43
[3056037442362574427112780083242829501461861136994742414556358032197266674422, 0, 0, 0, 0, 0, 0, 0]
Middle partial round number:  44
[2232522550901111003554733136396743114802459640969477357940933949272126200479, 0, 0, 0, 0, 0, 0, 0]
Middle partial round number:  45
[3116744169462359898754741595329046636093431567165004036128835706182365568029, 0, 0, 0, 0, 0, 0, 0]
Middle partial round number:  46
[1193285447080534017729717936927031874831166576239356619948239388499614157874, 0, 0, 0, 0, 0, 0, 0]
Middle partial round number:  47
[483978348953812772536014112436496882997015036118168648044612314893938774348, 0, 0, 0, 0, 0, 0, 0]
Middle partial round number:  48
[3270969655043972813005286935229817403855195380149898653837082751392073985301, 0, 0, 0, 0, 0, 0, 0]
Middle partial round number:  49
[2331583843420352255518760658054901211368179504179095576369851198914866431794, 0, 0, 0, 0, 0, 0, 0]
Middle partial round number:  50
[309447857205831976657059933470530498782797970678170503423990898477142656754, 0, 0, 0, 0, 0, 0, 0]
Middle partial round number:  51
[2493103758104848064954242128422237342821934628259956287548490828664762332097, 0, 0, 0, 0, 0, 0, 0]
Middle partial round number:  52
[3283337418623278043185007783513383468797510194728426051839301014025507750201, 0, 0, 0, 0, 0, 0, 0]
Middle partial round number:  53
[1933872239940243410075542153673187666011127225274670004298781797170347817919, 0, 0, 0, 0, 0, 0, 0]
Middle partial round number:  54
[2801560773538049954481081109285428731161139303492289991819024147123986924968, 0, 0, 0, 0, 0, 0, 0]
Middle partial round number:  55
[1089329954380900082273459272001915682982110169134485815264299346120924589014, 0, 0, 0, 0, 0, 0, 0]
Middle partial round number:  56
[3425248768451896891937127575866671558917595024430818814217689366352680779082, 0, 0, 0, 0, 0, 0, 0]
Middle partial round number:  57
[1240880638724279871492653620249692128465681919871265902421951372070531141196, 0, 0, 0, 0, 0, 0, 0]
Middle partial round number:  58
[426672999447007282265468293901405992492196931275960577092209101522558487298, 0, 0, 0, 0, 0, 0, 0]
Middle partial round number:  59
[3404603363541001482347210098402529751202076400684584419280587305240392617990, 0, 0, 0, 0, 0, 0, 0]
Middle partial round number:  60
[3144020846335029053904590413507454890136932670619075091510370357771310078360, 0, 0, 0, 0, 0, 0, 0]
Middle partial round number:  61
[817393720639469904711515355117848055592995136285771190923801210906711167310, 0, 0, 0, 0, 0, 0, 0]
Middle partial round number:  62
[750516891081776704175652710349772986993627375291226530235546286948168233802, 0, 0, 0, 0, 0, 0, 0]
Middle partial round number:  63
[665906055442804962569846174960905700291504879615627420751820134097783008389, 0, 0, 0, 0, 0, 0, 0]
Middle partial round number:  64
[370274343908950640132757172001767681401761139334627566782260074065671581287, 0, 0, 0, 0, 0, 0, 0]
Middle partial round number:  65
[3523739608191724264965991251217744295581408975563628791135651727807762446163, 0, 0, 0, 0, 0, 0, 0]
Middle partial round number:  66
[3035499750997281472982916426719750630563356985238560512253470751587231586442, 0, 0, 0, 0, 0, 0, 0]
Middle partial round number:  67
[2082476064214511808802463144195836673728253000324335439721878245562594860206, 0, 0, 0, 0, 0, 0, 0]
Middle partial round number:  68
[1089959066729920280546529352952456555243572047641170830425317155176227219516, 0, 0, 0, 0, 0, 0, 0]
Middle partial round number:  69
[747613236816529725880245816365953960996629043856285463853969335872026212499, 0, 0, 0, 0, 0, 0, 0]
Middle partial round number:  70
[554886481371009663379813279276452475571524456480893792458172606290858063289, 0, 0, 0, 0, 0, 0, 0]
Middle partial round number:  71
[3028065546491913503534256146564506993164583979710667706587952599040434376633, 0, 0, 0, 0, 0, 0, 0]
Middle partial round number:  72
[2454991193952799407634597834429600122780479713181586078160003782845758693684, 0, 0, 0, 0, 0, 0, 0]
Middle partial round number:  73
[912898859627613100742167207638688729594879735868681060452452526908106400732, 0, 0, 0, 0, 0, 0, 0]
Middle partial round number:  74
[2375562827288632298233382560949224598607260537698500382291468418668418660514, 0, 0, 0, 0, 0, 0, 0]
Middle partial round number:  75
[944998312964946641073275233833515775598262957671685808404248977367334875331, 0, 0, 0, 0, 0, 0, 0]
Middle partial round number:  76
[1448503581858562542876045070898348573023756892210708378391577742542370732483, 0, 0, 0, 0, 0, 0, 0]
Middle partial round number:  77
[2939804300765664023691322824172436508942935508886493235935164561410273645429, 0, 0, 0, 0, 0, 0, 0]
Middle partial round number:  78
[1551172837867702041804579107513872154468182233646869078659587387339537918679, 0, 0, 0, 0, 0, 0, 0]
Middle partial round number:  79
[1457619167694327790465747154669328077724951339849381887756156225272470064058, 0, 0, 0, 0, 0, 0, 0]
Middle partial round number:  80
[2671543314035989509194754794275945489883692186491913021793380216987137117133, 0, 0, 0, 0, 0, 0, 0]
Middle partial round number:  81
[1438985702865545917351006140346745010679243452987847669759232290008264838083, 0, 0, 0, 0, 0, 0, 0]
Middle partial round number:  82
[2404396412329408527196836133052100566040126359745573561782974152557435872085, 0, 0, 0, 0, 0, 0, 0]
Middle partial round number:  83
[352097633504339149604385741021887456257380534585836464299981609046530867726, 0, 0, 0, 0, 0, 0, 0]

 Last full rounds

Round constants:
Last full round number:  0
[2531474147882507149853785380127139695464652323284651232808575381687936247779, 1451931614347946565753746288496975894832769562831916145502976735110849970589, 3084279095473498069977233531968846662196005757784501756383815202454811850302, 675995126066293317667870009234401053687123388684499011359666731024579232644, 2194934108836395326354563631117722144975879353851922504204907013583440495195, 1959412635101010276093783242132043671509685699711409472581494083466123237167, 262121674653051481514290451867554270923709424790243058242261686342342403734, 106835420210198890333508048208574033520679683720154869841128858227875975139]
Last full round number:  1
[3591064939779241248182174062586338293429346383374083255075299263318864740160, 2919242028297418058511089157498814313375791386475496708724563517133022533449, 1568260002857957580885790517971661744735072348305536623292139042773207340542, 2266559470216454068436097810777008310893291535581044632900610012470974164365, 513314442757547998711915363328492970007913622626203829661239884291655604936, 3146194330020339608291232772375970197402697058693746263910892386770473051798, 485617629210347142155730410315925191336246908680503062237246549363555491892, 2865333105373461612953230656598031280832417162087500516408525538263964247657]
Last full round number:  2
[2637550691447315805907308584506907980112751592736623606180944745563891408977, 3471726501114959750640401858724726050368604257988274999539523482956492249318, 1422053313394846429846891538135901345819993673601519640464286245150609776169, 556331246194853162958517904311474501345856698277022841027126369816848012282, 386148400613014230100897009417852712822604490426983927358954506080173082950, 2261593534399612499976110550539848689549128986206961530901681672136886778211, 3422967105398655006605913564811538487133779692890540570684403864960857238858, 2610161195033289660084874035810785526120619604126335602550583062113025112362]
Last full round number:  3
[245747793823779830612683551817542516711877221128680930710275759042109473453, 750924042813861364130415949035807729401608006618946937981212418177690468161, 3558055568630216862880370550170930381830412552155905383429544095856954535027, 479935292637055275965232204258327691418487082345226558257872686915587090247, 609135885709507702176812457973609988111461137201462043786182181585914178777, 790449252340755748465336158729159882886690737087055401126968611795920136748, 3593629153864258852882469955242305339033069496944099134048945476562178566628, 2724006807004343209105212912004763222621459247252811235006622159105343382704]


 Test Vectors

Input state
  (0, 1, 2, 3, 4, 5, 6, 7)
Output state
  [1417475472525488386019495181965213939519365871070995502489110939314727377620, 2355484548124886725312037672418058733046379661725280667793170851715405453945, 1091538788074602510910133009311880984888814490477398391412957026478646445069, 2891347079409070070419148172787214362373713637222688483266970528411906552578, 547775063627535568735064129900457988374268492216506398272994177520771086696, 2868805072664407394841828333087283901988129902739367869661435962427148258454, 2611288791109446040724209396502987617057115286381135723965897516249480208825, 886998893249554116226435382529970218146812861991476621396204294007086065534]
